== Evaluation Info

Classifier                     Prepare_CC.Base_CC
Options                        [-S, 0, -W, weka.classifiers.trees.J48, --, -C, 0.25, -M, 2]
Additional Info                [117, 25, 33, 77, 158, 4, 161, 11, 137, 15, 107, 52, 164, 109, 96, 29, 0, 3, 89, 159, 10, 148, 62, 141, 115, 35, 125, 56, 21, 143, 16, 98, 155, 13, 105, 28, 2, 154, 170, 127, 18, 7, 34, 118, 81, 14, 147, 124, 97, 27, 48, 80, 172, 160, 95, 70, 9, 169, 75, 162, 64, 166, 22, 26, 157, 134, 54, 73, 42, 92, 45, 67, 122, 12, 76, 145, 138, 101, 36, 93, 165, 55, 149, 68, 106, 94, 102, 38, 130, 57, 132, 44, 120, 99, 50, 69, 32, 39, 82, 85, 72, 71, 84, 104, 78, 47, 139, 108, 65, 58, 19, 121, 103, 88, 144, 20, 41, 8, 53, 60, 87, 91, 116, 49, 153, 140, 17, 126, 114, 30, 74, 163, 129, 100, 31, 142, 146, 43, 113, 90, 24, 123, 86, 167, 66, 135, 23, 150, 1, 59, 128, 156, 37, 111, 5, 79, 61, 40, 63, 112, 6, 83, 46, 51, 110, 119, 131, 133, 136, 151, 152, 168, 171, 173]
Dataset                        CAL500
Number of labels (L)           174
Type                           ML-CV
Threshold                      0.5
Verbosity                      3


== Predictive Performance

Number of test instances (N)   
Accuracy                       0.21 
Jaccard index                  0.21 
Hamming score                  0.824
Exact match                    0    
Jaccard distance               0.79 
Hamming loss                   0.176
ZeroOne loss                   1    
Harmonic score                 0.467
One error                      0.375
Rank loss                      0.365
Avg precision                  0.228
Log Loss (lim. L)              0.906
Log Loss (lim. D)              0.786
F1 (micro averaged)            0.34 
F1 (macro averaged by example) 0.338
F1 (macro averaged by label)   0.125
AUPRC (macro averaged)         NaN
AUROC (macro averaged)         NaN
Curve Data                     
Macro Curve Data               
Micro Curve Data               
Label indices                  [     0     1     2     3     4     5     6     7     8     9    10    11    12    13    14    15    16    17    18    19    20    21    22    23    24    25    26    27    28    29    30    31    32    33    34    35    36    37    38    39    40    41    42    43    44    45    46    47    48    49    50    51    52    53    54    55    56    57    58    59    60    61    62    63    64    65    66    67    68    69    70    71    72    73    74    75    76    77    78    79    80    81    82    83    84    85    86    87    88    89    90    91    92    93    94    95    96    97    98    99   100   101   102   103   104   105   106   107   108   109   110   111   112   113   114   115   116   117   118   119   120   121   122   123   124   125   126   127   128   129   130   131   132   133   134   135   136   137   138   139   140   141   142   143   144   145   146   147   148   149   150   151   152   153   154   155   156   157   158   159   160   161   162   163   164   165   166   167   168   169   170   171   172   173 ]
Accuracy (per label)           [ 0.977 0.614 0.682 0.739 0.955 0.489 0.591 0.727 0.534 0.614 0.568 0.568 0.477 0.761 0.852 0.523 0.534 0.625 0.534 0.750 0.693 0.580 0.614 0.659 0.455 0.852 0.523 0.784 0.682 0.705 0.818 0.523 0.625 0.625 0.636 0.659 0.591 0.977 0.989 0.955 0.807 0.989 0.955 0.955 0.989 0.989 1.000 0.989 0.955 0.989 0.977 1.000 0.932 0.750 0.852 0.989 0.989 0.966 0.875 0.830 0.932 0.977 0.909 0.761 0.830 0.693 0.966 0.773 0.898 0.636 0.705 0.886 0.614 0.545 0.716 0.591 0.989 0.920 0.807 0.523 0.977 0.716 0.886 0.898 0.898 0.932 0.795 0.966 0.909 0.784 0.989 0.614 0.773 0.932 0.534 0.705 0.602 0.773 0.727 0.625 0.727 0.636 0.795 0.545 0.920 0.511 0.989 0.739 0.716 0.886 1.000 0.500 0.534 0.648 0.636 0.886 0.898 0.455 0.875 1.000 0.886 0.636 0.977 0.943 0.773 0.943 0.977 0.966 0.943 0.989 0.875 1.000 0.989 1.000 0.898 0.977 1.000 0.955 0.750 0.966 0.989 0.955 0.989 0.977 0.989 0.989 0.966 0.943 0.909 0.841 0.909 1.000 1.000 0.932 0.989 0.989 0.989 0.864 0.989 0.989 0.966 0.920 0.977 0.864 0.977 0.989 0.966 0.886 1.000 0.989 0.886 1.000 0.966 1.000 ]
Empty labelvectors (predicted) 0    
Label cardinality (predicted)  21.705
Levenshtein distance           0.139


== Additional Measurements (averaged across folds)

Number of training instances   88
Number of test instances       88
Label cardinality (train set)  24.568
Label cardinality (test set)   24.542
Build Time                     0.329
Test Time                      0.047
Total Time                     0.376


Averaging: 0.34473953941433483