== Evaluation Info

Classifier                     Prepare_CC.Base_CC
Options                        [-S, 0, -W, weka.classifiers.trees.J48, --, -C, 0.25, -M, 2]
Additional Info                [27, 111, 5, 170, 173, 33, 77, 55, 161, 45, 136, 29, 157, 1, 89, 84, 87, 14, 37, 126, 13, 140, 64, 46, 35, 23, 76, 62, 15, 50, 112, 78, 122, 121, 4, 3, 17, 165, 86, 30, 81, 20, 39, 70, 158, 12, 130, 151, 31, 2, 120, 59, 6, 25, 124, 109, 169, 97, 135, 105, 8, 58, 139, 71, 138, 148, 21, 28, 156, 22, 54, 114, 53, 51, 67, 91, 118, 18, 102, 150, 108, 101, 152, 24, 104, 65, 36, 164, 147, 134, 93, 0, 80, 113, 49, 128, 66, 127, 159, 131, 106, 144, 16, 88, 95, 11, 10, 167, 79, 99, 47, 96, 133, 60, 32, 98, 40, 117, 74, 153, 57, 26, 141, 63, 9, 38, 7, 68, 82, 163, 107, 123, 56, 149, 103, 92, 72, 142, 110, 166, 94, 162, 61, 90, 116, 145, 69, 115, 125, 146, 73, 119, 19, 75, 34, 41, 42, 43, 44, 48, 52, 83, 85, 100, 129, 132, 137, 143, 154, 155, 160, 168, 171, 172]
Dataset                        CAL500
Number of labels (L)           174
Type                           ML-CV
Threshold                      0.5
Verbosity                      3


== Predictive Performance

Number of test instances (N)   
Accuracy                       0.263
Jaccard index                  0.263
Hamming score                  0.832
Exact match                    0    
Jaccard distance               0.737
Hamming loss                   0.168
ZeroOne loss                   1    
Harmonic score                 0.543
One error                      0.574
Rank loss                      0.341
Avg precision                  0.276
Log Loss (lim. L)              0.865
Log Loss (lim. D)              0.795
F1 (micro averaged)            0.415
F1 (macro averaged by example) 0.409
F1 (macro averaged by label)   0.127
AUPRC (macro averaged)         NaN
AUROC (macro averaged)         NaN
Curve Data                     
Macro Curve Data               
Micro Curve Data               
Label indices                  [     0     1     2     3     4     5     6     7     8     9    10    11    12    13    14    15    16    17    18    19    20    21    22    23    24    25    26    27    28    29    30    31    32    33    34    35    36    37    38    39    40    41    42    43    44    45    46    47    48    49    50    51    52    53    54    55    56    57    58    59    60    61    62    63    64    65    66    67    68    69    70    71    72    73    74    75    76    77    78    79    80    81    82    83    84    85    86    87    88    89    90    91    92    93    94    95    96    97    98    99   100   101   102   103   104   105   106   107   108   109   110   111   112   113   114   115   116   117   118   119   120   121   122   123   124   125   126   127   128   129   130   131   132   133   134   135   136   137   138   139   140   141   142   143   144   145   146   147   148   149   150   151   152   153   154   155   156   157   158   159   160   161   162   163   164   165   166   167   168   169   170   171   172   173 ]
Accuracy (per label)           [ 0.861 0.487 0.548 0.896 0.930 0.591 0.974 0.452 0.600 0.670 0.574 0.548 0.583 0.826 0.591 0.887 0.565 0.704 0.957 0.522 0.687 0.478 0.965 0.557 0.748 0.643 0.591 0.635 0.583 0.930 0.957 0.487 0.983 0.591 1.000 0.557 0.583 0.991 0.991 0.974 0.557 1.000 1.000 1.000 1.000 0.939 0.983 0.965 1.000 0.861 0.878 0.974 1.000 0.948 0.983 0.991 0.991 0.974 0.939 0.817 0.957 0.974 0.983 0.791 0.965 0.487 0.965 0.904 0.948 0.557 0.513 0.896 0.539 0.565 0.652 0.852 0.983 0.974 0.991 0.791 0.991 0.843 0.965 1.000 0.904 1.000 0.678 0.983 0.991 0.965 0.991 0.487 0.765 0.939 0.591 0.513 0.948 0.426 0.913 0.635 1.000 0.591 0.835 0.557 0.765 0.496 0.957 0.783 0.774 0.878 0.983 0.452 0.774 0.626 0.565 0.878 0.678 0.461 0.748 0.983 0.843 0.513 0.913 0.852 0.991 0.861 0.983 0.991 0.983 1.000 0.991 0.965 1.000 0.843 0.878 0.939 0.983 1.000 0.817 0.991 0.965 0.904 0.939 1.000 0.974 0.948 0.983 0.704 0.791 0.791 0.635 0.974 0.965 0.965 1.000 1.000 0.965 0.852 0.965 0.974 1.000 0.904 0.991 0.800 0.974 0.991 0.922 0.661 1.000 0.991 0.887 1.000 1.000 0.983 ]
Empty labelvectors (predicted) 0    
Label cardinality (predicted)  23.73
Levenshtein distance           0.14 


== Additional Measurements (averaged across folds)

Number of training instances   115
Number of test instances       115
Label cardinality (train set)  26.13
Label cardinality (test set)   26.098
Build Time                     0.503
Test Time                      0.062
Total Time                     0.566


Averaging: 0.3652740736175506