== Evaluation Info

Classifier                     Prepare_CC.Base_CC
Options                        [-S, 0, -W, weka.classifiers.trees.J48, --, -C, 0.25, -M, 2]
Additional Info                [109, 161, 130, 104, 24, 69, 157, 5, 12, 166, 72, 64, 9, 68, 35, 17, 73, 70, 59, 142, 172, 132, 170, 94, 62, 3, 97, 79, 36, 171, 1, 43, 88, 27, 26, 11, 21, 7, 152, 101, 136, 124, 159, 111, 145, 123, 66, 25, 141, 51, 89, 135, 63, 33, 82, 34, 38, 0, 115, 10, 138, 86, 121, 134, 146, 98, 102, 32, 122, 167, 84, 49, 41, 139, 118, 162, 153, 131, 148, 42, 173, 74, 126, 147, 117, 75, 67, 6, 137, 8, 140, 20, 54, 160, 87, 127, 168, 40, 23, 92, 65, 163, 28, 30, 105, 22, 93, 113, 16, 114, 83, 18, 50, 14, 29, 15, 60, 52, 106, 81, 128, 144, 53, 150, 48, 107, 85, 120, 155, 103, 55, 133, 45, 2, 58, 46, 47, 90, 108, 164, 71, 110, 125, 13, 95, 19, 76, 57, 61, 119, 91, 96, 116, 99, 112, 78, 44, 31, 4, 37, 39, 56, 77, 80, 100, 129, 143, 149, 151, 154, 156, 158, 165, 169]
Dataset                        CAL500
Number of labels (L)           174
Type                           ML-CV
Threshold                      0.5
Verbosity                      3


== Predictive Performance

Number of test instances (N)   
Accuracy                       0.277
Jaccard index                  0.277
Hamming score                  0.832
Exact match                    0    
Jaccard distance               0.723
Hamming loss                   0.168
ZeroOne loss                   1    
Harmonic score                 0.559
One error                      0.369
Rank loss                      0.328
Avg precision                  0.288
Log Loss (lim. L)              0.864
Log Loss (lim. D)              0.699
F1 (micro averaged)            0.428
F1 (macro averaged by example) 0.425
F1 (macro averaged by label)   0.144
AUPRC (macro averaged)         NaN
AUROC (macro averaged)         NaN
Curve Data                     
Macro Curve Data               
Micro Curve Data               
Label indices                  [     0     1     2     3     4     5     6     7     8     9    10    11    12    13    14    15    16    17    18    19    20    21    22    23    24    25    26    27    28    29    30    31    32    33    34    35    36    37    38    39    40    41    42    43    44    45    46    47    48    49    50    51    52    53    54    55    56    57    58    59    60    61    62    63    64    65    66    67    68    69    70    71    72    73    74    75    76    77    78    79    80    81    82    83    84    85    86    87    88    89    90    91    92    93    94    95    96    97    98    99   100   101   102   103   104   105   106   107   108   109   110   111   112   113   114   115   116   117   118   119   120   121   122   123   124   125   126   127   128   129   130   131   132   133   134   135   136   137   138   139   140   141   142   143   144   145   146   147   148   149   150   151   152   153   154   155   156   157   158   159   160   161   162   163   164   165   166   167   168   169   170   171   172   173 ]
Accuracy (per label)           [ 0.923 0.538 0.538 0.985 1.000 0.554 0.800 0.646 0.446 0.815 0.508 0.985 0.554 0.862 0.538 0.985 0.631 0.969 0.815 0.492 0.615 0.738 0.677 0.538 0.446 0.938 0.462 0.923 0.431 0.969 0.954 0.585 0.862 0.569 0.677 0.523 0.738 1.000 0.923 1.000 0.769 0.985 0.969 0.969 0.985 0.862 0.985 0.969 0.969 0.954 0.908 0.985 0.923 0.908 0.846 0.969 1.000 0.923 0.985 0.954 0.985 0.985 0.815 0.554 0.846 0.600 0.938 0.969 0.954 0.492 0.554 0.831 0.615 0.754 0.923 0.538 0.923 1.000 0.954 0.492 1.000 0.600 0.969 0.862 0.954 0.923 0.692 0.985 0.954 0.877 0.985 0.538 0.985 0.815 0.815 0.477 0.892 0.492 0.892 0.692 1.000 0.492 0.969 0.585 0.985 0.477 0.985 0.523 0.954 0.815 0.985 0.538 0.477 0.569 0.738 0.954 0.631 0.723 0.738 0.892 0.862 0.446 0.892 0.800 0.985 0.892 0.954 0.985 0.954 1.000 0.892 0.985 0.985 0.938 0.908 0.985 0.877 0.985 0.738 0.969 0.985 0.815 0.877 1.000 0.985 0.985 0.938 0.554 0.800 1.000 0.862 1.000 0.938 0.985 1.000 0.969 1.000 0.969 1.000 0.985 0.892 0.892 0.862 0.954 0.938 1.000 0.954 0.938 0.908 1.000 0.877 0.938 0.954 0.938 ]
Empty labelvectors (predicted) 0    
Label cardinality (predicted)  24.354
Levenshtein distance           0.139


== Additional Measurements (averaged across folds)

Number of training instances   65
Number of test instances       65
Label cardinality (train set)  26.646
Label cardinality (test set)   26.617
Build Time                     0.207
Test Time                      0.036
Total Time                     0.243


Averaging: 0.3697518461458002