== Evaluation Info

Classifier                     Prepare_CC.Base_CC
Options                        [-S, 0, -W, weka.classifiers.trees.J48, --, -C, 0.25, -M, 2]
Additional Info                [93, 112, 90, 54, 74, 78, 86, 125, 137, 141, 76, 51, 2, 107, 152, 165, 83, 105, 154, 101, 97, 81, 24, 46, 44, 31, 118, 110, 52, 20, 12, 92, 71, 109, 18, 134, 62, 35, 171, 7, 111, 82, 25, 33, 113, 100, 16, 64, 45, 85, 89, 170, 149, 23, 108, 96, 142, 139, 68, 160, 39, 128, 172, 166, 40, 34, 94, 157, 15, 158, 32, 50, 147, 53, 10, 17, 28, 117, 153, 162, 29, 73, 67, 168, 66, 121, 70, 163, 98, 95, 22, 8, 77, 60, 36, 9, 75, 116, 132, 21, 126, 43, 5, 106, 167, 59, 164, 155, 124, 120, 103, 80, 72, 27, 57, 37, 63, 42, 4, 115, 26, 87, 56, 127, 79, 129, 41, 30, 65, 69, 102, 156, 169, 148, 173, 1, 114, 47, 119, 130, 11, 138, 6, 91, 104, 99, 13, 161, 146, 3, 135, 150, 58, 19, 0, 14, 38, 48, 49, 55, 61, 84, 88, 122, 123, 131, 133, 136, 140, 143, 144, 145, 151, 159]
Dataset                        CAL500
Number of labels (L)           174
Type                           ML-CV
Threshold                      0.5
Verbosity                      3


== Predictive Performance

Number of test instances (N)   
Accuracy                       0.288
Jaccard index                  0.288
Hamming score                  0.845
Exact match                    0    
Jaccard distance               0.712
Hamming loss                   0.155
ZeroOne loss                   1    
Harmonic score                 0.567
One error                      0.08 
Rank loss                      0.319
Avg precision                  0.297
Log Loss (lim. L)              0.801
Log Loss (lim. D)              0.715
F1 (micro averaged)            0.444
F1 (macro averaged by example) 0.44 
F1 (macro averaged by label)   0.126
AUPRC (macro averaged)         NaN
AUROC (macro averaged)         NaN
Curve Data                     
Macro Curve Data               
Micro Curve Data               
Label indices                  [     0     1     2     3     4     5     6     7     8     9    10    11    12    13    14    15    16    17    18    19    20    21    22    23    24    25    26    27    28    29    30    31    32    33    34    35    36    37    38    39    40    41    42    43    44    45    46    47    48    49    50    51    52    53    54    55    56    57    58    59    60    61    62    63    64    65    66    67    68    69    70    71    72    73    74    75    76    77    78    79    80    81    82    83    84    85    86    87    88    89    90    91    92    93    94    95    96    97    98    99   100   101   102   103   104   105   106   107   108   109   110   111   112   113   114   115   116   117   118   119   120   121   122   123   124   125   126   127   128   129   130   131   132   133   134   135   136   137   138   139   140   141   142   143   144   145   146   147   148   149   150   151   152   153   154   155   156   157   158   159   160   161   162   163   164   165   166   167   168   169   170   171   172   173 ]
Accuracy (per label)           [ 1.000 0.920 0.980 0.590 0.990 0.680 0.620 0.980 0.740 0.630 0.860 0.440 0.470 0.940 1.000 0.520 0.720 0.600 0.490 0.970 0.760 0.500 0.590 0.670 0.490 0.990 0.640 0.660 0.850 0.570 0.710 0.540 0.550 0.900 0.640 0.720 0.810 0.970 1.000 0.980 0.860 0.990 0.880 0.920 0.960 0.990 0.970 0.940 1.000 1.000 0.990 0.970 0.820 0.770 0.840 1.000 0.990 0.890 0.780 0.980 0.740 1.000 0.880 0.840 0.840 0.870 0.970 0.710 0.990 0.450 0.670 0.990 0.510 0.690 0.970 0.780 0.980 0.990 0.910 0.680 0.980 0.560 0.990 0.880 1.000 0.850 0.900 0.980 1.000 0.950 0.930 0.620 0.710 0.980 0.480 0.990 0.560 0.950 0.530 0.840 0.540 0.600 0.830 0.550 0.670 0.600 0.980 0.690 0.650 0.750 0.990 0.760 0.600 0.850 0.770 0.940 0.970 0.550 0.980 0.960 0.940 0.760 1.000 1.000 0.660 0.970 0.970 0.870 0.880 0.960 0.880 1.000 0.970 1.000 0.970 0.960 1.000 0.980 0.510 0.930 1.000 0.880 0.910 1.000 1.000 1.000 0.990 0.940 0.720 0.850 0.930 1.000 0.990 0.860 0.940 0.950 0.940 0.990 0.960 1.000 0.980 0.950 0.910 0.990 0.980 0.980 0.980 0.980 0.970 0.980 0.930 0.790 0.930 0.990 ]
Empty labelvectors (predicted) 0    
Label cardinality (predicted)  22.62
Levenshtein distance           0.13 


== Additional Measurements (averaged across folds)

Number of training instances   100
Number of test instances       100
Label cardinality (train set)  25.99
Label cardinality (test set)   25.99
Build Time                     0.417
Test Time                      0.055
Total Time                     0.472


Averaging: 0.3777385062432444