== Evaluation Info

Classifier                     Prepare_CC.Base_CC
Options                        [-S, 0, -W, weka.classifiers.trees.J48, --, -C, 0.25, -M, 2]
Additional Info                [9, 104, 0, 154, 23, 49, 121, 138, 100, 133, 151, 82, 73, 74, 22, 30, 111, 52, 115, 132, 26, 3, 39, 117, 14, 69, 156, 143, 96, 126, 113, 38, 146, 77, 136, 141, 4, 144, 125, 97, 139, 116, 43, 45, 85, 64, 84, 103, 75, 37, 59, 50, 98, 6, 127, 95, 131, 150, 27, 32, 83, 16, 114, 33, 122, 99, 160, 135, 56, 161, 112, 24, 19, 88, 90, 157, 35, 79, 120, 41, 71, 31, 62, 153, 7, 145, 58, 15, 107, 81, 28, 76, 40, 48, 134, 25, 119, 66, 55, 36, 42, 17, 61, 78, 46, 10, 130, 89, 152, 124, 129, 72, 51, 47, 8, 147, 142, 137, 65, 91, 92, 80, 5, 93, 44, 21, 11, 123, 102, 148, 155, 60, 53, 63, 105, 149, 108, 140, 67, 20, 87, 18, 54, 158, 34, 2, 159, 70, 110, 13, 128, 57, 68, 94, 106, 109, 1, 12, 101, 118, 86, 29]
Dataset                        CAL500
Number of labels (L)           162
Type                           ML-CV
Threshold                      0.5
Verbosity                      3


== Predictive Performance

Number of test instances (N)   
Accuracy                       0.231
Jaccard index                  0.231
Hamming score                  0.807
Exact match                    0    
Jaccard distance               0.769
Hamming loss                   0.193
ZeroOne loss                   1    
Harmonic score                 0.49 
One error                      0.303
Rank loss                      0.379
Avg precision                  0.263
Log Loss (lim. L)              0.98 
Log Loss (lim. D)              0.834
F1 (micro averaged)            0.37 
F1 (macro averaged by example) 0.369
F1 (macro averaged by label)   0.138
AUPRC (macro averaged)         0.174
AUROC (macro averaged)         0.494
Curve Data                     
Macro Curve Data               
Micro Curve Data               
Label indices                  [     0     1     2     3     4     5     6     7     8     9    10    11    12    13    14    15    16    17    18    19    20    21    22    23    24    25    26    27    28    29    30    31    32    33    34    35    36    37    38    39    40    41    42    43    44    45    46    47    48    49    50    51    52    53    54    55    56    57    58    59    60    61    62    63    64    65    66    67    68    69    70    71    72    73    74    75    76    77    78    79    80    81    82    83    84    85    86    87    88    89    90    91    92    93    94    95    96    97    98    99   100   101   102   103   104   105   106   107   108   109   110   111   112   113   114   115   116   117   118   119   120   121   122   123   124   125   126   127   128   129   130   131   132   133   134   135   136   137   138   139   140   141   142   143   144   145   146   147   148   149   150   151   152   153   154   155   156   157   158   159   160   161 ]
Accuracy (per label)           [ 0.934 0.645 0.513 0.829 0.526 0.592 0.737 0.447 0.842 0.487 0.908 0.579 0.763 0.592 0.908 0.382 0.934 0.697 0.632 0.500 0.816 0.500 0.500 0.539 0.934 0.461 0.882 0.395 0.895 0.974 0.566 0.763 0.500 0.474 0.474 0.895 0.934 0.987 0.737 0.974 0.921 0.974 0.974 0.855 0.947 0.947 0.974 0.908 0.947 0.961 0.947 0.934 0.763 0.908 0.921 0.974 0.908 0.987 0.987 0.750 0.737 0.776 0.737 0.882 0.934 0.961 0.553 0.539 0.882 0.408 0.763 0.934 0.737 0.855 0.829 0.711 0.987 0.684 0.974 0.829 0.974 0.947 0.750 0.987 0.921 0.789 0.987 0.487 0.987 0.842 0.671 0.605 0.842 0.605 0.829 0.618 0.974 0.434 0.921 0.434 0.961 0.539 0.987 0.474 0.868 0.737 0.974 0.434 0.513 0.592 0.697 0.934 0.684 0.553 0.724 0.842 0.789 0.461 0.947 0.868 0.947 0.882 0.947 0.934 0.908 0.855 0.987 0.934 0.934 0.961 0.882 0.974 0.697 0.947 0.987 0.816 0.908 0.987 0.987 0.961 0.711 0.842 0.803 0.974 0.961 0.921 0.947 0.987 0.987 0.868 0.934 0.868 0.961 0.882 0.961 0.961 0.947 0.987 0.921 0.961 0.987 0.961 ]
Empty labelvectors (predicted) 0    
Label cardinality (predicted)  22.539
Levenshtein distance           0.157


== Additional Measurements (averaged across folds)

Number of training instances   76
Number of test instances       76
Label cardinality (train set)  27.013
Label cardinality (test set)   26.98
Build Time                     0.403
Test Time                      0.039
Total Time                     0.442


Averaging: 0.3459561307438368