== Evaluation Info

Classifier                     Prepare_CC.Base_CC
Options                        [-S, 0, -W, weka.classifiers.trees.J48, --, -C, 0.25, -M, 2]
Additional Info                [37, 19, 98, 113, 128, 45, 103, 22, 94, 6, 61, 78, 149, 15, 105, 134, 17, 93, 147, 124, 126, 2, 131, 109, 55, 125, 71, 1, 140, 132, 50, 96, 77, 127, 12, 85, 20, 42, 99, 9, 91, 87, 54, 31, 29, 72, 122, 38, 136, 138, 129, 104, 30, 88, 64, 145, 27, 41, 36, 118, 79, 89, 35, 66, 142, 4, 39, 112, 123, 75, 148, 114, 84, 53, 24, 117, 107, 80, 21, 51, 3, 69, 16, 52, 65, 11, 90, 97, 73, 68, 58, 14, 130, 56, 111, 49, 34, 76, 120, 26, 48, 46, 150, 151, 108, 43, 100, 115, 10, 121, 28, 33, 40, 13, 62, 101, 81, 102, 144, 8, 23, 133, 86, 137, 5, 82, 110, 18, 25, 116, 32, 95, 59, 146, 0, 119, 70, 67, 106, 74, 141, 135, 60, 92, 44, 143, 139, 7, 83, 57, 47, 63]
Dataset                        CAL500
Number of labels (L)           152
Type                           ML-CV
Threshold                      0.5
Verbosity                      3


== Predictive Performance

Number of test instances (N)   
Accuracy                       0.299
Jaccard index                  0.299
Hamming score                  0.821
Exact match                    0    
Jaccard distance               0.701
Hamming loss                   0.179
ZeroOne loss                   1    
Harmonic score                 0.577
One error                      0.469
Rank loss                      0.333
Avg precision                  0.32 
Log Loss (lim. L)              0.898
Log Loss (lim. D)              0.82 
F1 (micro averaged)            0.458
F1 (macro averaged by example) 0.451
F1 (macro averaged by label)   0.162
AUPRC (macro averaged)         0.179
AUROC (macro averaged)         0.504
Curve Data                     
Macro Curve Data               
Micro Curve Data               
Label indices                  [     0     1     2     3     4     5     6     7     8     9    10    11    12    13    14    15    16    17    18    19    20    21    22    23    24    25    26    27    28    29    30    31    32    33    34    35    36    37    38    39    40    41    42    43    44    45    46    47    48    49    50    51    52    53    54    55    56    57    58    59    60    61    62    63    64    65    66    67    68    69    70    71    72    73    74    75    76    77    78    79    80    81    82    83    84    85    86    87    88    89    90    91    92    93    94    95    96    97    98    99   100   101   102   103   104   105   106   107   108   109   110   111   112   113   114   115   116   117   118   119   120   121   122   123   124   125   126   127   128   129   130   131   132   133   134   135   136   137   138   139   140   141   142   143   144   145   146   147   148   149   150   151 ]
Accuracy (per label)           [ 0.888 0.571 0.469 0.949 0.980 0.561 0.939 0.480 0.510 0.776 0.561 0.735 0.602 0.837 0.520 0.908 0.551 0.806 0.939 0.429 0.602 0.643 0.969 0.551 0.724 0.786 0.592 0.806 0.480 0.959 0.990 0.592 0.980 0.582 0.990 0.633 0.643 0.990 0.990 0.969 0.571 0.990 0.969 0.990 0.949 0.959 0.918 0.980 0.949 0.980 0.990 0.990 0.918 0.969 0.878 0.959 0.949 0.980 0.827 0.929 0.490 0.969 0.888 0.490 0.571 0.939 0.633 0.531 0.643 0.867 0.990 0.969 0.857 0.990 0.878 0.980 0.929 0.694 0.980 0.990 0.969 0.990 0.582 0.878 0.918 0.480 0.429 0.949 0.551 0.929 0.633 0.673 0.888 0.592 0.827 0.429 0.949 0.755 0.745 0.898 0.449 0.827 0.602 0.592 0.918 0.735 0.500 0.786 0.990 0.776 0.561 0.929 0.786 0.776 0.980 0.990 0.990 0.990 0.939 0.888 0.929 0.959 0.969 0.898 0.980 0.980 0.918 0.939 0.949 0.969 0.980 0.714 0.745 0.796 0.612 0.980 0.969 0.969 0.980 0.929 0.969 0.949 0.918 0.990 0.898 0.980 0.990 0.908 0.755 0.980 0.898 0.969 ]
Empty labelvectors (predicted) 0    
Label cardinality (predicted)  23.765
Levenshtein distance           0.151


== Additional Measurements (averaged across folds)

Number of training instances   98
Number of test instances       98
Label cardinality (train set)  26.408
Label cardinality (test set)   26.363
Build Time                     0.555
Test Time                      0.062
Total Time                     0.617


Averaging: 0.3733028355731382