== Evaluation Info

Classifier                     Prepare_CC.Base_CC
Options                        [-S, 0, -W, weka.classifiers.trees.J48, --, -C, 0.25, -M, 2]
Additional Info                [100, 112, 123, 106, 111, 145, 36, 141, 149, 121, 77, 73, 21, 136, 93, 127, 83, 64, 99, 28, 144, 8, 40, 91, 2, 129, 82, 22, 11, 125, 63, 78, 146, 16, 52, 115, 26, 41, 137, 19, 130, 113, 5, 20, 46, 12, 74, 18, 58, 84, 65, 66, 38, 55, 80, 97, 122, 150, 42, 103, 72, 9, 68, 138, 47, 134, 147, 135, 53, 92, 30, 104, 62, 133, 54, 31, 81, 105, 39, 101, 139, 119, 48, 50, 0, 131, 85, 152, 7, 51, 95, 124, 13, 24, 29, 87, 90, 3, 114, 37, 17, 70, 67, 151, 61, 44, 43, 35, 6, 109, 110, 126, 23, 140, 1, 57, 33, 45, 98, 120, 34, 86, 128, 132, 27, 4, 108, 76, 94, 143, 96, 10, 14, 60, 89, 75, 118, 71, 49, 15, 56, 25, 59, 148, 142, 69, 102, 88, 32, 107, 79, 117, 116]
Dataset                        CAL500
Number of labels (L)           153
Type                           ML-CV
Threshold                      0.5
Verbosity                      3


== Predictive Performance

Number of test instances (N)   
Accuracy                       0.288
Jaccard index                  0.288
Hamming score                  0.826
Exact match                    0    
Jaccard distance               0.712
Hamming loss                   0.174
ZeroOne loss                   1    
Harmonic score                 0.559
One error                      0.154
Rank loss                      0.324
Avg precision                  0.31 
Log Loss (lim. L)              0.875
Log Loss (lim. D)              0.785
F1 (micro averaged)            0.443
F1 (macro averaged by example) 0.439
F1 (macro averaged by label)   0.143
AUPRC (macro averaged)         0.172
AUROC (macro averaged)         0.497
Curve Data                     
Macro Curve Data               
Micro Curve Data               
Label indices                  [     0     1     2     3     4     5     6     7     8     9    10    11    12    13    14    15    16    17    18    19    20    21    22    23    24    25    26    27    28    29    30    31    32    33    34    35    36    37    38    39    40    41    42    43    44    45    46    47    48    49    50    51    52    53    54    55    56    57    58    59    60    61    62    63    64    65    66    67    68    69    70    71    72    73    74    75    76    77    78    79    80    81    82    83    84    85    86    87    88    89    90    91    92    93    94    95    96    97    98    99   100   101   102   103   104   105   106   107   108   109   110   111   112   113   114   115   116   117   118   119   120   121   122   123   124   125   126   127   128   129   130   131   132   133   134   135   136   137   138   139   140   141   142   143   144   145   146   147   148   149   150   151   152 ]
Accuracy (per label)           [ 0.824 0.967 0.505 0.978 0.516 0.626 0.989 0.824 0.560 0.989 0.516 0.484 0.890 0.549 0.846 0.538 0.560 0.945 0.901 0.495 0.615 0.615 0.593 0.978 0.747 0.659 0.791 0.637 0.637 0.648 0.495 0.890 0.604 0.681 0.769 0.967 0.989 0.813 0.956 0.857 0.978 0.978 0.989 0.989 0.989 0.978 0.725 0.692 0.956 0.989 0.912 0.791 0.956 0.802 0.791 0.769 0.912 0.824 0.956 0.725 0.956 0.626 0.593 0.978 0.538 0.637 0.978 0.692 0.956 0.989 0.978 0.505 0.989 0.560 0.989 0.967 0.901 0.923 0.967 0.945 0.659 0.615 0.989 0.462 0.989 0.527 0.956 0.484 0.967 0.495 0.593 0.725 0.670 0.681 0.560 0.978 0.791 0.593 0.846 0.989 0.681 0.505 0.868 0.879 0.945 0.989 0.593 0.967 0.967 0.747 0.714 0.934 0.989 0.868 0.868 0.956 0.923 0.989 0.967 0.956 0.945 0.945 0.560 0.945 0.989 0.945 0.912 0.989 0.989 0.923 0.857 0.813 0.890 0.989 0.802 0.978 0.923 0.989 0.967 0.923 0.912 0.956 0.989 0.945 0.967 0.978 0.978 0.978 0.989 0.890 0.846 0.978 0.989 ]
Empty labelvectors (predicted) 0    
Label cardinality (predicted)  22
Levenshtein distance           0.148


== Additional Measurements (averaged across folds)

Number of training instances   91
Number of test instances       91
Label cardinality (train set)  25.791
Label cardinality (test set)   25.787
Build Time                     0.802
Test Time                      0.125
Total Time                     0.927


Averaging: 0.3713397540742118