== Evaluation Info

Classifier                     Prepare_CC.Base_CC
Options                        [-S, 0, -W, weka.classifiers.trees.J48, --, -C, 0.25, -M, 2]
Additional Info                [61, 55, 42, 69, 1, 125, 148, 108, 52, 88, 81, 163, 120, 150, 82, 19, 149, 10, 129, 36, 130, 132, 109, 165, 25, 80, 114, 21, 14, 26, 87, 9, 15, 2, 71, 156, 137, 24, 16, 106, 91, 104, 93, 37, 155, 40, 128, 20, 139, 116, 68, 101, 140, 48, 33, 57, 121, 135, 29, 115, 158, 41, 44, 39, 167, 8, 117, 74, 35, 47, 127, 134, 5, 92, 138, 103, 102, 45, 157, 56, 72, 65, 31, 147, 96, 160, 18, 13, 126, 38, 73, 64, 99, 122, 100, 0, 22, 11, 169, 43, 12, 142, 145, 62, 123, 58, 144, 141, 30, 70, 75, 17, 7, 166, 60, 50, 32, 6, 159, 153, 66, 161, 118, 83, 34, 79, 84, 105, 54, 97, 76, 63, 113, 143, 23, 86, 107, 89, 162, 111, 59, 154, 85, 27, 67, 77, 94, 146, 112, 124, 53, 49, 164, 172, 28, 4, 95, 3, 78, 170, 98, 46, 51, 90, 110, 119, 131, 133, 136, 151, 152, 168, 171, 173]
Dataset                        CAL500
Number of labels (L)           174
Type                           ML-CV
Threshold                      0.5
Verbosity                      3


== Predictive Performance

Number of test instances (N)   
Accuracy                       0.206
Jaccard index                  0.206
Hamming score                  0.835
Exact match                    0    
Jaccard distance               0.794
Hamming loss                   0.165
ZeroOne loss                   1    
Harmonic score                 0.447
One error                      0.352
Rank loss                      0.369
Avg precision                  0.229
Log Loss (lim. L)              0.851
Log Loss (lim. D)              0.744
F1 (micro averaged)            0.334
F1 (macro averaged by example) 0.334
F1 (macro averaged by label)   0.11 
AUPRC (macro averaged)         NaN
AUROC (macro averaged)         NaN
Curve Data                     
Macro Curve Data               
Micro Curve Data               
Label indices                  [     0     1     2     3     4     5     6     7     8     9    10    11    12    13    14    15    16    17    18    19    20    21    22    23    24    25    26    27    28    29    30    31    32    33    34    35    36    37    38    39    40    41    42    43    44    45    46    47    48    49    50    51    52    53    54    55    56    57    58    59    60    61    62    63    64    65    66    67    68    69    70    71    72    73    74    75    76    77    78    79    80    81    82    83    84    85    86    87    88    89    90    91    92    93    94    95    96    97    98    99   100   101   102   103   104   105   106   107   108   109   110   111   112   113   114   115   116   117   118   119   120   121   122   123   124   125   126   127   128   129   130   131   132   133   134   135   136   137   138   139   140   141   142   143   144   145   146   147   148   149   150   151   152   153   154   155   156   157   158   159   160   161   162   163   164   165   166   167   168   169   170   171   172   173 ]
Accuracy (per label)           [ 0.978 0.593 0.703 0.780 0.934 0.593 0.571 0.791 0.604 0.670 0.571 0.571 0.560 0.769 0.813 0.527 0.560 0.670 0.626 0.692 0.681 0.549 0.637 0.670 0.560 0.901 0.615 0.835 0.714 0.736 0.857 0.516 0.703 0.725 0.736 0.692 0.681 0.978 0.989 0.956 0.769 0.989 0.923 0.967 0.989 0.978 1.000 0.989 0.967 0.989 0.978 1.000 0.956 0.846 0.912 0.989 0.989 0.967 0.912 0.846 0.934 0.967 0.912 0.747 0.879 0.703 0.978 0.791 0.890 0.593 0.604 0.912 0.648 0.484 0.769 0.736 0.989 0.978 0.890 0.560 0.978 0.648 0.879 0.934 0.912 0.945 0.780 0.945 0.945 0.923 1.000 0.484 0.659 0.890 0.462 0.747 0.692 0.868 0.791 0.648 0.780 0.659 0.648 0.505 0.912 0.505 0.989 0.857 0.560 0.923 1.000 0.429 0.549 0.637 0.604 0.879 0.890 0.516 0.879 1.000 0.824 0.626 0.978 0.967 0.780 0.956 0.978 0.967 0.956 0.989 0.857 1.000 0.989 1.000 0.923 0.967 1.000 0.978 0.780 0.967 0.989 0.956 0.989 0.978 0.989 0.989 0.967 0.934 0.868 0.912 0.879 1.000 1.000 0.945 0.989 0.989 0.989 0.868 0.989 0.989 0.978 0.934 0.978 0.868 0.989 0.989 0.967 0.923 1.000 0.989 0.923 1.000 0.978 1.000 ]
Empty labelvectors (predicted) 0    
Label cardinality (predicted)  18.758
Levenshtein distance           0.131


== Additional Measurements (averaged across folds)

Number of training instances   91
Number of test instances       91
Label cardinality (train set)  24.352
Label cardinality (test set)   24.349
Build Time                     0.353
Test Time                      0.048
Total Time                     0.401


Averaging: 0.3471198671199291