== Evaluation Info

Classifier                     Prepare_CC.Base_CC
Options                        [-S, 0, -W, weka.classifiers.trees.J48, --, -C, 0.25, -M, 2]
Additional Info                [111, 103, 21, 45, 110, 58, 131, 86, 63, 93, 87, 81, 139, 51, 75, 49, 105, 101, 6, 90, 158, 60, 24, 112, 113, 25, 122, 104, 159, 3, 11, 149, 106, 97, 26, 170, 109, 84, 156, 127, 153, 50, 83, 76, 28, 161, 128, 4, 74, 165, 167, 85, 94, 53, 144, 5, 146, 88, 123, 117, 69, 33, 151, 30, 10, 89, 54, 47, 169, 133, 39, 32, 20, 95, 121, 57, 66, 42, 124, 98, 8, 55, 142, 116, 166, 13, 91, 134, 157, 16, 62, 141, 80, 118, 138, 15, 9, 135, 163, 7, 12, 136, 126, 65, 147, 64, 1, 140, 22, 73, 173, 108, 38, 96, 79, 59, 14, 23, 17, 71, 155, 41, 19, 35, 67, 70, 164, 40, 102, 115, 152, 145, 125, 56, 82, 148, 150, 72, 114, 61, 77, 78, 92, 31, 27, 130, 36, 120, 119, 29, 162, 99, 34, 18, 2, 46, 107, 0, 37, 43, 44, 48, 52, 68, 100, 129, 132, 137, 143, 154, 160, 168, 171, 172]
Dataset                        CAL500
Number of labels (L)           174
Type                           ML-CV
Threshold                      0.5
Verbosity                      3


== Predictive Performance

Number of test instances (N)   
Accuracy                       0.286
Jaccard index                  0.286
Hamming score                  0.837
Exact match                    0    
Jaccard distance               0.714
Hamming loss                   0.163
ZeroOne loss                   1    
Harmonic score                 0.573
One error                      0.528
Rank loss                      0.332
Avg precision                  0.295
Log Loss (lim. L)              0.842
Log Loss (lim. D)              0.764
F1 (micro averaged)            0.44 
F1 (macro averaged by example) 0.437
F1 (macro averaged by label)   0.135
AUPRC (macro averaged)         NaN
AUROC (macro averaged)         NaN
Curve Data                     
Macro Curve Data               
Micro Curve Data               
Label indices                  [     0     1     2     3     4     5     6     7     8     9    10    11    12    13    14    15    16    17    18    19    20    21    22    23    24    25    26    27    28    29    30    31    32    33    34    35    36    37    38    39    40    41    42    43    44    45    46    47    48    49    50    51    52    53    54    55    56    57    58    59    60    61    62    63    64    65    66    67    68    69    70    71    72    73    74    75    76    77    78    79    80    81    82    83    84    85    86    87    88    89    90    91    92    93    94    95    96    97    98    99   100   101   102   103   104   105   106   107   108   109   110   111   112   113   114   115   116   117   118   119   120   121   122   123   124   125   126   127   128   129   130   131   132   133   134   135   136   137   138   139   140   141   142   143   144   145   146   147   148   149   150   151   152   153   154   155   156   157   158   159   160   161   162   163   164   165   166   167   168   169   170   171   172   173 ]
Accuracy (per label)           [ 0.861 0.444 0.500 0.972 0.972 0.648 0.963 0.574 0.519 0.667 0.565 0.611 0.685 0.870 0.491 0.963 0.556 0.833 0.954 0.481 0.639 0.472 0.954 0.519 0.676 0.750 0.583 0.741 0.491 0.963 0.972 0.574 0.981 0.556 0.991 0.593 0.694 1.000 0.991 0.972 0.574 0.991 0.991 1.000 1.000 0.972 0.963 0.963 1.000 0.907 0.880 0.954 1.000 0.944 0.972 0.991 0.991 0.944 0.935 0.926 0.963 0.972 0.981 0.759 0.944 0.519 0.954 0.935 1.000 0.519 0.435 0.944 0.657 0.611 0.648 0.833 0.972 0.981 0.991 0.824 0.991 0.898 0.981 0.991 0.954 0.991 0.546 0.963 0.991 0.963 0.991 0.546 0.898 0.889 0.519 0.528 0.944 0.491 0.935 0.648 1.000 0.602 0.870 0.519 0.796 0.352 0.944 0.769 0.759 0.815 0.954 0.583 0.731 0.509 0.509 0.917 0.648 0.500 0.806 0.972 0.870 0.491 0.907 0.889 0.991 0.852 0.972 0.981 0.972 1.000 0.981 0.935 1.000 0.843 0.917 0.944 0.981 1.000 0.907 0.991 0.926 0.935 0.935 1.000 0.972 0.963 0.981 0.639 0.824 0.796 0.611 0.954 0.972 0.963 1.000 0.991 0.954 0.972 0.972 0.972 1.000 0.889 0.981 0.778 0.963 0.991 0.898 0.713 1.000 0.991 0.861 1.000 1.000 0.981 ]
Empty labelvectors (predicted) 0    
Label cardinality (predicted)  24.185
Levenshtein distance           0.135


== Additional Measurements (averaged across folds)

Number of training instances   108
Number of test instances       108
Label cardinality (train set)  26.509
Label cardinality (test set)   26.455
Build Time                     0.467
Test Time                      0.058
Total Time                     0.525


Averaging: 0.3741554314648991