== Evaluation Info

Classifier                     Prepare_CC.Base_CC
Options                        [-S, 0, -W, weka.classifiers.trees.J48, --, -C, 0.25, -M, 2]
Additional Info                [25, 7, 136, 153, 137, 106, 3, 155, 164, 168, 129, 78, 100, 97, 99, 19, 83, 16, 115, 73, 113, 71, 15, 22, 170, 98, 166, 107, 95, 134, 161, 156, 36, 9, 131, 89, 45, 148, 105, 120, 141, 102, 150, 42, 104, 29, 28, 39, 56, 57, 118, 127, 14, 86, 110, 53, 2, 108, 96, 142, 13, 35, 114, 8, 149, 101, 160, 77, 103, 62, 6, 58, 109, 119, 139, 27, 81, 158, 40, 172, 60, 70, 75, 59, 18, 126, 47, 138, 12, 125, 48, 130, 140, 132, 1, 65, 17, 21, 117, 128, 171, 43, 68, 41, 5, 69, 162, 72, 76, 94, 163, 32, 11, 44, 67, 51, 135, 33, 46, 37, 91, 10, 23, 87, 165, 146, 112, 124, 147, 173, 92, 20, 154, 26, 54, 64, 90, 79, 74, 93, 111, 24, 85, 52, 169, 121, 66, 116, 167, 30, 34, 63, 31, 0, 4, 38, 49, 50, 55, 61, 80, 82, 84, 88, 122, 123, 133, 143, 144, 145, 151, 152, 157, 159]
Dataset                        CAL500
Number of labels (L)           174
Type                           ML-CV
Threshold                      0.5
Verbosity                      3


== Predictive Performance

Number of test instances (N)   
Accuracy                       0.276
Jaccard index                  0.276
Hamming score                  0.84 
Exact match                    0    
Jaccard distance               0.724
Hamming loss                   0.16 
ZeroOne loss                   1    
Harmonic score                 0.544
One error                      0.117
Rank loss                      0.335
Avg precision                  0.29 
Log Loss (lim. L)              0.824
Log Loss (lim. D)              0.74 
F1 (micro averaged)            0.428
F1 (macro averaged by example) 0.424
F1 (macro averaged by label)   0.131
AUPRC (macro averaged)         NaN
AUROC (macro averaged)         NaN
Curve Data                     
Macro Curve Data               
Micro Curve Data               
Label indices                  [     0     1     2     3     4     5     6     7     8     9    10    11    12    13    14    15    16    17    18    19    20    21    22    23    24    25    26    27    28    29    30    31    32    33    34    35    36    37    38    39    40    41    42    43    44    45    46    47    48    49    50    51    52    53    54    55    56    57    58    59    60    61    62    63    64    65    66    67    68    69    70    71    72    73    74    75    76    77    78    79    80    81    82    83    84    85    86    87    88    89    90    91    92    93    94    95    96    97    98    99   100   101   102   103   104   105   106   107   108   109   110   111   112   113   114   115   116   117   118   119   120   121   122   123   124   125   126   127   128   129   130   131   132   133   134   135   136   137   138   139   140   141   142   143   144   145   146   147   148   149   150   151   152   153   154   155   156   157   158   159   160   161   162   163   164   165   166   167   168   169   170   171   172   173 ]
Accuracy (per label)           [ 1.000 0.883 0.961 0.485 1.000 0.641 0.495 0.990 0.796 0.641 0.883 0.534 0.447 0.961 0.990 0.505 0.777 0.602 0.573 0.951 0.854 0.573 0.612 0.728 0.573 0.990 0.602 0.777 0.767 0.631 0.748 0.709 0.476 0.835 0.553 0.718 0.728 0.971 1.000 0.981 0.845 0.981 0.854 0.932 0.951 0.981 0.990 0.961 0.990 1.000 1.000 0.971 0.835 0.767 0.816 1.000 0.990 0.893 0.806 0.990 0.806 1.000 0.893 0.786 0.825 0.835 0.951 0.709 0.990 0.553 0.612 0.971 0.466 0.689 0.981 0.670 0.971 0.990 0.961 0.573 1.000 0.573 1.000 0.942 1.000 0.893 0.864 0.971 1.000 0.971 0.942 0.505 0.738 0.981 0.466 0.990 0.476 0.932 0.495 0.738 0.534 0.447 0.806 0.447 0.767 0.553 0.981 0.602 0.680 0.864 0.990 0.777 0.437 0.709 0.825 0.961 0.981 0.563 0.981 0.922 0.903 0.689 1.000 1.000 0.777 0.942 0.971 0.864 0.825 0.961 0.864 0.990 0.971 1.000 0.971 0.932 0.951 0.942 0.592 0.932 0.990 0.786 0.913 1.000 1.000 1.000 0.990 0.874 0.777 0.806 0.913 1.000 1.000 0.845 0.961 0.971 0.932 1.000 0.981 1.000 0.961 0.922 0.893 0.990 0.961 0.981 0.990 0.981 0.961 0.981 0.893 0.893 0.961 0.990 ]
Empty labelvectors (predicted) 0    
Label cardinality (predicted)  22.223
Levenshtein distance           0.133


== Additional Measurements (averaged across folds)

Number of training instances   103
Number of test instances       103
Label cardinality (train set)  26.388
Label cardinality (test set)   26.365
Build Time                     0.444
Test Time                      0.056
Total Time                     0.5  


Averaging: 0.37204715426640506