== Evaluation Info

Classifier                     Prepare_CC.Base_CC
Options                        [-S, 0, -W, weka.classifiers.trees.J48, --, -C, 0.25, -M, 2]
Additional Info                [148, 80, 16, 106, 102, 138, 70, 28, 9, 90, 107, 74, 79, 82, 64, 59, 50, 114, 31, 98, 136, 24, 63, 19, 91, 13, 116, 65, 140, 1, 133, 94, 147, 27, 108, 109, 11, 149, 122, 170, 96, 41, 130, 2, 6, 163, 120, 145, 164, 92, 40, 49, 84, 159, 95, 33, 157, 141, 17, 73, 142, 75, 152, 86, 143, 0, 103, 30, 61, 134, 151, 118, 26, 167, 113, 111, 97, 117, 3, 123, 115, 14, 60, 101, 71, 36, 25, 72, 144, 35, 15, 4, 5, 121, 68, 52, 81, 69, 10, 171, 66, 46, 7, 166, 131, 126, 37, 21, 23, 67, 20, 110, 104, 29, 125, 100, 57, 12, 112, 77, 119, 99, 32, 105, 155, 93, 8, 18, 22, 34, 38, 39, 42, 43, 44, 45, 47, 48, 51, 53, 54, 55, 56, 58, 62, 76, 78, 83, 85, 87, 88, 89, 124, 127, 128, 129, 132, 135, 137, 139, 146, 150, 153, 154, 156, 158, 160, 161, 162, 165, 168, 169, 172, 173]
Dataset                        CAL500
Number of labels (L)           174
Type                           ML-CV
Threshold                      0.5
Verbosity                      3


== Predictive Performance

Number of test instances (N)   
Accuracy                       0.338
Jaccard index                  0.338
Hamming score                  0.838
Exact match                    0    
Jaccard distance               0.662
Hamming loss                   0.162
ZeroOne loss                   1    
Harmonic score                 0.626
One error                      0.549
Rank loss                      0.303
Avg precision                  0.35 
Log Loss (lim. L)              0.834
Log Loss (lim. D)              0.636
F1 (micro averaged)            0.498
F1 (macro averaged by example) 0.494
F1 (macro averaged by label)   0.16 
AUPRC (macro averaged)         NaN
AUROC (macro averaged)         NaN
Curve Data                     
Macro Curve Data               
Micro Curve Data               
Label indices                  [     0     1     2     3     4     5     6     7     8     9    10    11    12    13    14    15    16    17    18    19    20    21    22    23    24    25    26    27    28    29    30    31    32    33    34    35    36    37    38    39    40    41    42    43    44    45    46    47    48    49    50    51    52    53    54    55    56    57    58    59    60    61    62    63    64    65    66    67    68    69    70    71    72    73    74    75    76    77    78    79    80    81    82    83    84    85    86    87    88    89    90    91    92    93    94    95    96    97    98    99   100   101   102   103   104   105   106   107   108   109   110   111   112   113   114   115   116   117   118   119   120   121   122   123   124   125   126   127   128   129   130   131   132   133   134   135   136   137   138   139   140   141   142   143   144   145   146   147   148   149   150   151   152   153   154   155   156   157   158   159   160   161   162   163   164   165   166   167   168   169   170   171   172   173 ]
Accuracy (per label)           [ 0.451 0.843 0.529 0.804 0.706 0.706 0.882 0.627 1.000 0.529 0.980 0.647 0.686 0.725 0.569 0.784 0.922 0.608 1.000 0.608 0.980 0.608 1.000 0.824 0.961 0.549 0.941 0.529 0.471 0.980 0.765 0.647 0.961 0.686 1.000 0.706 0.549 0.961 1.000 1.000 0.882 0.980 1.000 1.000 1.000 1.000 0.922 1.000 1.000 0.451 0.863 1.000 0.980 1.000 1.000 1.000 1.000 0.980 1.000 0.588 0.882 0.902 1.000 0.980 0.941 0.431 0.902 0.941 0.784 0.902 0.451 0.765 0.569 0.627 0.588 0.824 1.000 0.922 1.000 0.471 0.980 0.961 0.765 1.000 0.647 1.000 0.569 1.000 1.000 1.000 0.980 0.725 0.588 0.843 0.667 0.627 0.745 0.549 0.922 0.627 0.902 0.706 0.804 0.863 0.627 0.471 0.980 0.784 0.627 0.824 0.980 0.608 0.745 0.588 0.922 0.627 0.941 0.569 0.784 0.980 0.804 0.549 0.804 0.824 1.000 0.941 0.980 1.000 1.000 1.000 0.941 0.980 1.000 0.529 0.784 1.000 0.961 1.000 0.745 1.000 0.941 0.980 0.765 0.980 0.902 0.725 1.000 0.647 0.980 0.647 1.000 0.843 0.922 1.000 1.000 0.980 1.000 0.686 1.000 0.902 1.000 1.000 1.000 0.706 0.961 1.000 0.980 0.843 1.000 1.000 0.863 0.980 1.000 1.000 ]
Empty labelvectors (predicted) 0    
Label cardinality (predicted)  27.431
Levenshtein distance           0.138


== Additional Measurements (averaged across folds)

Number of training instances   51
Number of test instances       51
Label cardinality (train set)  28.627
Label cardinality (test set)   28.63
Build Time                     0.119
Test Time                      0.026
Total Time                     0.145


Averaging: 0.3922089644772211