== Evaluation Info

Classifier                     Prepare_CC.Base_CC
Options                        [-S, 0, -W, weka.classifiers.trees.J48, --, -C, 0.25, -M, 2]
Additional Info                [67, 84, 160, 102, 7, 46, 141, 110, 15, 54, 120, 173, 163, 27, 62, 24, 1, 20, 48, 121, 74, 26, 134, 65, 128, 71, 103, 45, 44, 108, 59, 89, 25, 40, 22, 131, 64, 19, 136, 88, 166, 69, 23, 58, 70, 112, 68, 144, 155, 106, 132, 95, 17, 33, 116, 81, 150, 0, 147, 57, 113, 28, 145, 99, 139, 78, 55, 172, 124, 30, 85, 34, 29, 96, 92, 2, 97, 164, 6, 49, 80, 126, 10, 94, 91, 43, 66, 117, 118, 119, 130, 50, 87, 14, 122, 61, 135, 105, 5, 53, 101, 32, 35, 109, 161, 60, 47, 138, 152, 77, 16, 18, 115, 52, 21, 123, 125, 107, 9, 31, 142, 8, 171, 159, 98, 133, 127, 157, 73, 167, 114, 75, 79, 36, 148, 83, 86, 168, 170, 13, 63, 146, 38, 72, 82, 111, 42, 12, 76, 104, 93, 169, 3, 4, 11, 37, 39, 41, 51, 56, 90, 100, 129, 137, 140, 143, 149, 151, 153, 154, 156, 158, 162, 165]
Dataset                        CAL500
Number of labels (L)           174
Type                           ML-CV
Threshold                      0.5
Verbosity                      3


== Predictive Performance

Number of test instances (N)   
Accuracy                       0.289
Jaccard index                  0.289
Hamming score                  0.832
Exact match                    0    
Jaccard distance               0.711
Hamming loss                   0.168
ZeroOne loss                   1    
Harmonic score                 0.569
One error                      0.411
Rank loss                      0.333
Avg precision                  0.3  
Log Loss (lim. L)              0.866
Log Loss (lim. D)              0.675
F1 (micro averaged)            0.439
F1 (macro averaged by example) 0.438
F1 (macro averaged by label)   0.14 
AUPRC (macro averaged)         NaN
AUROC (macro averaged)         NaN
Curve Data                     
Macro Curve Data               
Micro Curve Data               
Label indices                  [     0     1     2     3     4     5     6     7     8     9    10    11    12    13    14    15    16    17    18    19    20    21    22    23    24    25    26    27    28    29    30    31    32    33    34    35    36    37    38    39    40    41    42    43    44    45    46    47    48    49    50    51    52    53    54    55    56    57    58    59    60    61    62    63    64    65    66    67    68    69    70    71    72    73    74    75    76    77    78    79    80    81    82    83    84    85    86    87    88    89    90    91    92    93    94    95    96    97    98    99   100   101   102   103   104   105   106   107   108   109   110   111   112   113   114   115   116   117   118   119   120   121   122   123   124   125   126   127   128   129   130   131   132   133   134   135   136   137   138   139   140   141   142   143   144   145   146   147   148   149   150   151   152   153   154   155   156   157   158   159   160   161   162   163   164   165   166   167   168   169   170   171   172   173 ]
Accuracy (per label)           [ 0.929 0.571 0.554 1.000 1.000 0.625 0.714 0.571 0.500 0.893 0.446 1.000 0.732 0.821 0.607 0.982 0.571 0.982 0.732 0.357 0.500 0.821 0.839 0.411 0.446 0.839 0.518 0.875 0.589 0.946 0.982 0.768 0.911 0.518 0.857 0.464 0.732 1.000 0.857 1.000 0.768 1.000 0.982 0.964 0.982 0.857 0.911 0.946 0.982 0.929 0.875 1.000 0.982 0.982 0.964 0.911 1.000 0.929 0.982 0.893 0.982 0.911 0.821 0.554 0.982 0.643 0.982 0.929 0.929 0.571 0.429 0.786 0.464 0.750 0.714 0.786 0.964 0.982 0.893 0.571 0.982 0.696 0.946 0.750 0.857 0.982 0.714 0.982 0.911 0.768 1.000 0.589 0.982 0.875 0.732 0.518 0.946 0.482 0.964 0.750 1.000 0.482 0.857 0.446 0.982 0.554 0.964 0.661 0.839 0.804 0.982 0.607 0.536 0.643 0.714 0.964 0.571 0.732 0.607 0.929 0.857 0.536 0.857 0.786 0.929 0.661 0.946 0.982 0.982 1.000 0.893 0.982 0.982 0.893 0.875 0.982 0.875 1.000 0.893 0.946 1.000 0.786 0.946 1.000 0.911 0.982 0.964 0.679 0.839 1.000 0.839 1.000 0.929 1.000 1.000 0.982 1.000 0.911 1.000 0.911 0.875 0.857 1.000 0.929 0.982 1.000 0.946 0.839 0.929 0.982 0.964 0.911 0.893 0.911 ]
Empty labelvectors (predicted) 0    
Label cardinality (predicted)  25.107
Levenshtein distance           0.138


== Additional Measurements (averaged across folds)

Number of training instances   56
Number of test instances       56
Label cardinality (train set)  26.911
Label cardinality (test set)   26.913
Build Time                     0.169
Test Time                      0.031
Total Time                     0.2  


Averaging: 0.37377740715756147