== Evaluation Info

Classifier                     Prepare_CC.Base_CC
Options                        [-S, 0, -W, weka.classifiers.trees.J48, --, -C, 0.25, -M, 2]
Additional Info                [78, 113, 55, 38, 139, 154, 170, 91, 76, 165, 51, 41, 103, 72, 160, 89, 155, 58, 30, 87, 43, 44, 141, 22, 0, 125, 36, 147, 71, 94, 162, 17, 136, 14, 79, 52, 161, 126, 2, 135, 117, 173, 47, 37, 121, 93, 132, 29, 60, 92, 56, 19, 33, 59, 12, 171, 168, 18, 32, 46, 169, 120, 27, 15, 65, 166, 134, 100, 112, 144, 9, 23, 114, 98, 148, 146, 127, 116, 156, 10, 1, 63, 8, 150, 28, 129, 115, 167, 138, 64, 35, 50, 11, 122, 119, 31, 152, 96, 85, 6, 16, 39, 111, 74, 88, 163, 83, 140, 149, 172, 45, 90, 67, 159, 164, 130, 97, 7, 109, 102, 107, 104, 20, 137, 123, 101, 81, 53, 108, 75, 3, 133, 128, 61, 69, 42, 40, 66, 54, 26, 25, 68, 24, 106, 153, 99, 158, 21, 118, 124, 70, 13, 95, 105, 86, 80, 48, 57, 5, 110, 34, 142, 62, 73, 77, 82, 4, 49, 84, 131, 143, 145, 151, 157]
Dataset                        CAL500
Number of labels (L)           174
Type                           ML-CV
Threshold                      0.5
Verbosity                      3


== Predictive Performance

Number of test instances (N)   
Accuracy                       0.255
Jaccard index                  0.255
Hamming score                  0.836
Exact match                    0    
Jaccard distance               0.745
Hamming loss                   0.164
ZeroOne loss                   1    
Harmonic score                 0.515
One error                      0.109
Rank loss                      0.347
Avg precision                  0.273
Log Loss (lim. L)              0.848
Log Loss (lim. D)              0.799
F1 (micro averaged)            0.4  
F1 (macro averaged by example) 0.397
F1 (macro averaged by label)   0.132
AUPRC (macro averaged)         NaN
AUROC (macro averaged)         NaN
Curve Data                     
Macro Curve Data               
Micro Curve Data               
Label indices                  [     0     1     2     3     4     5     6     7     8     9    10    11    12    13    14    15    16    17    18    19    20    21    22    23    24    25    26    27    28    29    30    31    32    33    34    35    36    37    38    39    40    41    42    43    44    45    46    47    48    49    50    51    52    53    54    55    56    57    58    59    60    61    62    63    64    65    66    67    68    69    70    71    72    73    74    75    76    77    78    79    80    81    82    83    84    85    86    87    88    89    90    91    92    93    94    95    96    97    98    99   100   101   102   103   104   105   106   107   108   109   110   111   112   113   114   115   116   117   118   119   120   121   122   123   124   125   126   127   128   129   130   131   132   133   134   135   136   137   138   139   140   141   142   143   144   145   146   147   148   149   150   151   152   153   154   155   156   157   158   159   160   161   162   163   164   165   166   167   168   169   170   171   172   173 ]
Accuracy (per label)           [ 0.992 0.884 0.806 0.566 1.000 0.589 0.442 0.930 0.705 0.721 0.806 0.543 0.426 0.922 0.891 0.558 0.674 0.651 0.519 0.814 0.806 0.628 0.566 0.682 0.527 0.992 0.690 0.783 0.729 0.667 0.760 0.581 0.496 0.806 0.512 0.721 0.713 0.977 0.969 0.984 0.806 0.984 0.922 0.915 0.977 0.977 0.961 0.969 0.992 1.000 0.984 0.938 0.783 0.829 0.860 0.953 0.984 0.876 0.783 0.992 0.860 0.992 0.829 0.829 0.868 0.791 0.961 0.783 0.984 0.597 0.612 0.961 0.550 0.752 0.961 0.643 0.969 0.992 0.899 0.581 0.984 0.667 0.992 0.891 1.000 0.884 0.884 0.977 0.992 0.907 0.953 0.566 0.752 0.915 0.550 0.884 0.605 0.837 0.535 0.744 0.558 0.504 0.829 0.535 0.791 0.543 0.977 0.690 0.698 0.853 0.984 0.690 0.481 0.752 0.845 0.899 0.938 0.496 0.922 0.915 0.922 0.682 0.992 0.984 0.767 0.907 0.961 0.868 0.891 0.961 0.891 1.000 0.977 0.992 0.969 0.953 0.938 0.977 0.543 0.922 0.992 0.822 0.915 1.000 0.992 1.000 0.984 0.806 0.752 0.845 0.907 1.000 0.992 0.853 0.930 0.953 0.899 1.000 0.984 0.992 0.961 0.938 0.938 0.984 0.977 0.984 0.984 0.977 0.938 0.984 0.876 0.876 0.977 0.930 ]
Empty labelvectors (predicted) 0    
Label cardinality (predicted)  21.636
Levenshtein distance           0.135


== Additional Measurements (averaged across folds)

Number of training instances   129
Number of test instances       129
Label cardinality (train set)  26.015
Label cardinality (test set)   25.999
Build Time                     0.631
Test Time                      0.063
Total Time                     0.694


Averaging: 0.36349032920148056