== Evaluation Info

Classifier                     Prepare_CC.Base_CC
Options                        [-S, 0, -W, weka.classifiers.trees.J48, --, -C, 0.25, -M, 2]
Additional Info                [19, 61, 7, 30, 17, 74, 51, 6, 62, 118, 96, 128, 101, 21, 109, 32, 126, 135, 1, 58, 156, 105, 82, 133, 4, 150, 49, 2, 59, 110, 97, 138, 53, 91, 72, 151, 20, 164, 15, 36, 71, 88, 145, 167, 39, 75, 50, 83, 13, 125, 123, 81, 102, 84, 158, 119, 134, 79, 121, 86, 87, 122, 55, 40, 170, 173, 73, 106, 31, 45, 146, 25, 85, 92, 107, 38, 47, 142, 162, 80, 113, 111, 94, 67, 18, 99, 131, 95, 60, 98, 157, 89, 163, 165, 120, 166, 115, 78, 5, 147, 16, 11, 161, 114, 127, 64, 117, 10, 0, 46, 108, 169, 76, 27, 28, 63, 65, 12, 136, 148, 141, 69, 112, 152, 139, 33, 9, 103, 149, 22, 144, 93, 153, 54, 77, 171, 66, 24, 3, 140, 23, 70, 8, 29, 90, 14, 159, 35, 116, 130, 57, 26, 104, 34, 37, 41, 42, 43, 44, 48, 52, 56, 68, 100, 124, 129, 132, 137, 143, 154, 155, 160, 168, 172]
Dataset                        CAL500
Number of labels (L)           174
Type                           ML-CV
Threshold                      0.5
Verbosity                      3


== Predictive Performance

Number of test instances (N)   
Accuracy                       0.283
Jaccard index                  0.283
Hamming score                  0.837
Exact match                    0    
Jaccard distance               0.717
Hamming loss                   0.163
ZeroOne loss                   1    
Harmonic score                 0.56 
One error                      0.541
Rank loss                      0.335
Avg precision                  0.295
Log Loss (lim. L)              0.841
Log Loss (lim. D)              0.768
F1 (micro averaged)            0.439
F1 (macro averaged by example) 0.432
F1 (macro averaged by label)   0.132
AUPRC (macro averaged)         NaN
AUROC (macro averaged)         NaN
Curve Data                     
Macro Curve Data               
Micro Curve Data               
Label indices                  [     0     1     2     3     4     5     6     7     8     9    10    11    12    13    14    15    16    17    18    19    20    21    22    23    24    25    26    27    28    29    30    31    32    33    34    35    36    37    38    39    40    41    42    43    44    45    46    47    48    49    50    51    52    53    54    55    56    57    58    59    60    61    62    63    64    65    66    67    68    69    70    71    72    73    74    75    76    77    78    79    80    81    82    83    84    85    86    87    88    89    90    91    92    93    94    95    96    97    98    99   100   101   102   103   104   105   106   107   108   109   110   111   112   113   114   115   116   117   118   119   120   121   122   123   124   125   126   127   128   129   130   131   132   133   134   135   136   137   138   139   140   141   142   143   144   145   146   147   148   149   150   151   152   153   154   155   156   157   158   159   160   161   162   163   164   165   166   167   168   169   170   171   172   173 ]
Accuracy (per label)           [ 0.838 0.486 0.586 0.955 0.964 0.523 0.973 0.541 0.586 0.721 0.568 0.667 0.667 0.811 0.468 0.946 0.441 0.766 0.964 0.577 0.676 0.613 0.973 0.559 0.739 0.712 0.622 0.676 0.532 0.964 0.937 0.550 0.991 0.595 1.000 0.595 0.712 1.000 0.991 0.946 0.568 1.000 1.000 1.000 1.000 0.964 0.982 0.964 1.000 0.910 0.847 0.928 1.000 0.946 0.982 0.982 1.000 0.973 0.982 0.910 0.964 0.964 0.964 0.829 0.964 0.532 0.946 0.937 1.000 0.477 0.459 0.892 0.604 0.505 0.658 0.829 0.955 0.982 0.973 0.802 0.991 0.856 0.973 0.991 0.946 0.991 0.739 0.982 0.982 0.946 0.991 0.414 0.901 0.919 0.541 0.505 0.919 0.577 0.910 0.676 1.000 0.495 0.901 0.523 0.838 0.423 0.955 0.649 0.865 0.793 0.991 0.486 0.811 0.649 0.577 0.892 0.667 0.495 0.811 0.982 0.847 0.423 0.901 0.892 1.000 0.865 0.982 0.991 0.982 1.000 0.991 0.964 1.000 0.820 0.919 0.892 0.964 1.000 0.838 0.991 0.955 0.928 0.901 1.000 0.964 0.964 0.982 0.604 0.793 0.811 0.577 0.955 0.964 0.964 1.000 1.000 0.991 0.964 0.973 0.964 1.000 0.910 0.991 0.775 0.946 0.991 0.856 0.649 1.000 0.991 0.901 0.991 1.000 0.982 ]
Empty labelvectors (predicted) 0    
Label cardinality (predicted)  23.775
Levenshtein distance           0.137


== Additional Measurements (averaged across folds)

Number of training instances   111
Number of test instances       111
Label cardinality (train set)  26.748
Label cardinality (test set)   26.733
Build Time                     0.444
Test Time                      0.055
Total Time                     0.498


Averaging: 0.37322832058713895