== Evaluation Info

Classifier                     Prepare_CC.Base_CC
Options                        [-S, 0, -W, weka.classifiers.trees.J48, --, -C, 0.25, -M, 2]
Additional Info                [35, 66, 130, 123, 42, 144, 166, 12, 26, 102, 97, 171, 56, 62, 33, 71, 155, 81, 30, 83, 168, 118, 21, 10, 18, 2, 38, 15, 82, 75, 41, 161, 134, 111, 124, 5, 23, 129, 64, 143, 84, 119, 22, 47, 116, 132, 8, 136, 126, 48, 74, 104, 125, 151, 85, 133, 31, 17, 93, 6, 165, 147, 3, 32, 140, 148, 27, 100, 63, 103, 53, 44, 106, 149, 20, 24, 138, 72, 69, 109, 0, 156, 152, 113, 99, 135, 1, 101, 68, 58, 98, 150, 91, 57, 9, 163, 14, 120, 67, 40, 122, 153, 28, 45, 105, 19, 167, 46, 170, 110, 34, 70, 52, 13, 86, 121, 65, 54, 61, 127, 95, 159, 50, 162, 117, 131, 59, 107, 141, 145, 92, 36, 7, 79, 158, 29, 4, 172, 114, 164, 115, 49, 157, 94, 60, 25, 16, 112, 108, 96, 146, 137, 73, 11, 142, 37, 39, 43, 51, 55, 76, 77, 78, 80, 87, 88, 89, 90, 128, 139, 154, 160, 169, 173]
Dataset                        CAL500
Number of labels (L)           174
Type                           ML-CV
Threshold                      0.5
Verbosity                      3


== Predictive Performance

Number of test instances (N)   
Accuracy                       0.226
Jaccard index                  0.226
Hamming score                  0.825
Exact match                    0    
Jaccard distance               0.774
Hamming loss                   0.175
ZeroOne loss                   1    
Harmonic score                 0.476
One error                      0.528
Rank loss                      0.373
Avg precision                  0.249
Log Loss (lim. L)              0.903
Log Loss (lim. D)              0.749
F1 (micro averaged)            0.368
F1 (macro averaged by example) 0.359
F1 (macro averaged by label)   0.14 
AUPRC (macro averaged)         NaN
AUROC (macro averaged)         NaN
Curve Data                     
Macro Curve Data               
Micro Curve Data               
Label indices                  [     0     1     2     3     4     5     6     7     8     9    10    11    12    13    14    15    16    17    18    19    20    21    22    23    24    25    26    27    28    29    30    31    32    33    34    35    36    37    38    39    40    41    42    43    44    45    46    47    48    49    50    51    52    53    54    55    56    57    58    59    60    61    62    63    64    65    66    67    68    69    70    71    72    73    74    75    76    77    78    79    80    81    82    83    84    85    86    87    88    89    90    91    92    93    94    95    96    97    98    99   100   101   102   103   104   105   106   107   108   109   110   111   112   113   114   115   116   117   118   119   120   121   122   123   124   125   126   127   128   129   130   131   132   133   134   135   136   137   138   139   140   141   142   143   144   145   146   147   148   149   150   151   152   153   154   155   156   157   158   159   160   161   162   163   164   165   166   167   168   169   170   171   172   173 ]
Accuracy (per label)           [ 0.778 0.597 0.500 0.889 0.958 0.486 0.819 0.597 0.778 0.458 0.764 0.556 0.583 0.597 0.500 0.736 0.667 0.653 0.875 0.542 0.792 0.542 0.917 0.444 0.639 0.792 0.736 0.611 0.542 0.806 0.889 0.583 0.861 0.528 0.931 0.514 0.847 1.000 0.972 1.000 0.819 0.986 0.986 1.000 0.972 0.750 0.986 0.986 0.986 0.889 0.958 1.000 0.958 0.861 0.958 1.000 0.931 0.986 0.889 0.694 0.972 0.861 0.986 0.708 0.972 0.694 0.986 0.889 0.847 0.639 0.694 0.639 0.500 0.681 0.972 0.667 1.000 1.000 1.000 0.528 1.000 0.819 0.750 0.958 0.722 0.972 0.486 1.000 1.000 1.000 1.000 0.583 0.819 0.889 0.625 0.597 0.694 0.528 0.833 0.611 0.889 0.569 0.792 0.625 0.708 0.611 0.986 0.736 0.736 0.833 0.931 0.500 0.625 0.500 0.833 0.931 0.639 0.472 0.625 0.958 0.889 0.694 0.917 0.764 0.861 0.931 0.944 0.986 1.000 0.986 0.917 0.958 0.986 0.861 0.792 0.917 0.917 0.986 0.889 1.000 0.958 0.917 0.944 0.972 0.861 0.972 0.958 0.750 0.833 0.972 0.903 0.958 0.972 0.917 1.000 0.986 0.986 0.764 0.986 0.875 1.000 0.889 0.972 0.958 0.986 0.972 0.833 0.972 0.972 1.000 0.847 0.972 0.972 1.000 ]
Empty labelvectors (predicted) 0    
Label cardinality (predicted)  21.861
Levenshtein distance           0.141


== Additional Measurements (averaged across folds)

Number of training instances   72
Number of test instances       72
Label cardinality (train set)  26.333
Label cardinality (test set)   26.28
Build Time                     0.225
Test Time                      0.036
Total Time                     0.261


Averaging: 0.350275330463079