== Evaluation Info

Classifier                     Prepare_CC.Base_CC
Options                        [-S, 0, -W, weka.classifiers.trees.J48, --, -C, 0.25, -M, 2]
Additional Info                [146, 9, 145, 54, 166, 128, 65, 50, 103, 39, 127, 24, 26, 129, 132, 105, 163, 59, 148, 30, 22, 137, 84, 138, 165, 49, 141, 130, 144, 156, 69, 21, 58, 14, 3, 29, 33, 158, 20, 36, 4, 102, 140, 89, 38, 86, 91, 147, 56, 115, 40, 112, 12, 66, 79, 94, 18, 63, 67, 57, 75, 70, 80, 139, 116, 25, 41, 99, 42, 142, 81, 95, 23, 157, 98, 150, 134, 108, 19, 122, 37, 162, 68, 126, 109, 52, 101, 167, 100, 5, 87, 164, 159, 31, 149, 7, 92, 8, 71, 125, 117, 6, 88, 10, 104, 121, 62, 11, 118, 47, 106, 76, 16, 13, 60, 82, 170, 61, 154, 44, 169, 97, 32, 90, 0, 107, 17, 111, 74, 53, 83, 153, 172, 35, 45, 85, 96, 43, 48, 113, 73, 28, 93, 77, 114, 161, 27, 123, 64, 1, 34, 15, 72, 160, 124, 143, 155, 120, 78, 2, 135, 46, 51, 55, 110, 119, 131, 133, 136, 151, 152, 168, 171, 173]
Dataset                        CAL500
Number of labels (L)           174
Type                           ML-CV
Threshold                      0.5
Verbosity                      3


== Predictive Performance

Number of test instances (N)   
Accuracy                       0.192
Jaccard index                  0.192
Hamming score                  0.823
Exact match                    0    
Jaccard distance               0.808
Hamming loss                   0.177
ZeroOne loss                   1    
Harmonic score                 0.436
One error                      0.422
Rank loss                      0.379
Avg precision                  0.214
Log Loss (lim. L)              0.913
Log Loss (lim. D)              0.796
F1 (micro averaged)            0.317
F1 (macro averaged by example) 0.314
F1 (macro averaged by label)   0.11 
AUPRC (macro averaged)         NaN
AUROC (macro averaged)         NaN
Curve Data                     
Macro Curve Data               
Micro Curve Data               
Label indices                  [     0     1     2     3     4     5     6     7     8     9    10    11    12    13    14    15    16    17    18    19    20    21    22    23    24    25    26    27    28    29    30    31    32    33    34    35    36    37    38    39    40    41    42    43    44    45    46    47    48    49    50    51    52    53    54    55    56    57    58    59    60    61    62    63    64    65    66    67    68    69    70    71    72    73    74    75    76    77    78    79    80    81    82    83    84    85    86    87    88    89    90    91    92    93    94    95    96    97    98    99   100   101   102   103   104   105   106   107   108   109   110   111   112   113   114   115   116   117   118   119   120   121   122   123   124   125   126   127   128   129   130   131   132   133   134   135   136   137   138   139   140   141   142   143   144   145   146   147   148   149   150   151   152   153   154   155   156   157   158   159   160   161   162   163   164   165   166   167   168   169   170   171   172   173 ]
Accuracy (per label)           [ 0.978 0.544 0.700 0.689 0.933 0.556 0.578 0.767 0.689 0.600 0.678 0.511 0.544 0.800 0.844 0.544 0.700 0.644 0.678 0.722 0.756 0.500 0.678 0.600 0.489 0.867 0.622 0.789 0.711 0.756 0.778 0.456 0.589 0.689 0.633 0.567 0.611 0.967 0.989 0.956 0.689 0.989 0.967 0.933 0.989 0.978 1.000 0.989 0.922 0.989 0.967 1.000 0.956 0.733 0.822 1.000 0.989 0.967 0.878 0.800 0.922 0.978 0.856 0.767 0.789 0.656 0.956 0.689 0.833 0.589 0.544 0.856 0.578 0.644 0.767 0.667 0.989 0.978 0.889 0.511 0.978 0.722 0.878 0.944 0.878 0.944 0.756 0.956 0.933 0.911 0.989 0.556 0.789 0.900 0.456 0.700 0.678 0.767 0.722 0.556 0.689 0.689 0.789 0.489 0.889 0.400 0.989 0.811 0.744 0.856 1.000 0.500 0.533 0.600 0.644 0.822 0.878 0.444 0.922 1.000 0.900 0.544 0.978 0.967 0.767 0.956 0.978 0.922 0.933 0.989 0.922 1.000 0.989 1.000 0.911 0.978 1.000 0.978 0.756 0.967 0.989 0.956 0.989 0.989 0.989 0.989 0.967 0.922 0.844 0.922 0.822 1.000 1.000 0.889 0.989 0.989 0.989 0.844 0.989 0.989 0.956 0.956 0.933 0.867 0.967 0.989 0.911 0.889 1.000 0.989 0.900 1.000 0.956 1.000 ]
Empty labelvectors (predicted) 0    
Label cardinality (predicted)  20.789
Levenshtein distance           0.138


== Additional Measurements (averaged across folds)

Number of training instances   90
Number of test instances       90
Label cardinality (train set)  24.267
Label cardinality (test set)   24.267
Build Time                     0.316
Test Time                      0.048
Total Time                     0.364


Averaging: 0.33826818182185253