== Evaluation Info

Classifier                     Prepare_CC.Base_CC
Options                        [-S, 0, -W, weka.classifiers.trees.J48, --, -C, 0.25, -M, 2]
Additional Info                [113, 121, 133, 170, 31, 25, 149, 74, 139, 166, 27, 159, 120, 134, 24, 9, 13, 11, 79, 67, 30, 61, 140, 17, 46, 115, 117, 1, 167, 119, 60, 112, 99, 150, 163, 141, 131, 109, 93, 81, 155, 10, 116, 138, 77, 57, 161, 70, 37, 91, 14, 72, 26, 107, 51, 124, 63, 86, 147, 157, 97, 41, 29, 94, 68, 135, 49, 123, 69, 12, 50, 101, 33, 65, 142, 75, 28, 114, 96, 22, 20, 45, 105, 118, 171, 42, 151, 23, 3, 6, 144, 35, 127, 106, 104, 16, 128, 7, 111, 82, 59, 126, 125, 136, 84, 73, 71, 92, 130, 4, 95, 108, 15, 21, 103, 40, 0, 122, 64, 5, 152, 2, 102, 110, 146, 143, 145, 19, 148, 36, 8, 18, 32, 34, 38, 39, 43, 44, 47, 48, 52, 53, 54, 55, 56, 58, 62, 66, 76, 78, 80, 83, 85, 87, 88, 89, 90, 98, 100, 129, 132, 137, 153, 154, 156, 158, 160, 162, 164, 165, 168, 169, 172, 173]
Dataset                        CAL500
Number of labels (L)           174
Type                           ML-CV
Threshold                      0.5
Verbosity                      3


== Predictive Performance

Number of test instances (N)   
Accuracy                       0.327
Jaccard index                  0.327
Hamming score                  0.838
Exact match                    0    
Jaccard distance               0.673
Hamming loss                   0.162
ZeroOne loss                   1    
Harmonic score                 0.618
One error                      0.542
Rank loss                      0.309
Avg precision                  0.338
Log Loss (lim. L)              0.838
Log Loss (lim. D)              0.695
F1 (micro averaged)            0.49 
F1 (macro averaged by example) 0.485
F1 (macro averaged by label)   0.148
AUPRC (macro averaged)         NaN
AUROC (macro averaged)         NaN
Curve Data                     
Macro Curve Data               
Micro Curve Data               
Label indices                  [     0     1     2     3     4     5     6     7     8     9    10    11    12    13    14    15    16    17    18    19    20    21    22    23    24    25    26    27    28    29    30    31    32    33    34    35    36    37    38    39    40    41    42    43    44    45    46    47    48    49    50    51    52    53    54    55    56    57    58    59    60    61    62    63    64    65    66    67    68    69    70    71    72    73    74    75    76    77    78    79    80    81    82    83    84    85    86    87    88    89    90    91    92    93    94    95    96    97    98    99   100   101   102   103   104   105   106   107   108   109   110   111   112   113   114   115   116   117   118   119   120   121   122   123   124   125   126   127   128   129   130   131   132   133   134   135   136   137   138   139   140   141   142   143   144   145   146   147   148   149   150   151   152   153   154   155   156   157   158   159   160   161   162   163   164   165   166   167   168   169   170   171   172   173 ]
Accuracy (per label)           [ 0.569 0.792 0.556 0.861 0.778 0.569 0.986 0.625 1.000 0.500 0.958 0.639 0.653 0.667 0.597 0.861 0.931 0.542 1.000 0.681 0.972 0.681 0.986 0.806 0.986 0.514 0.986 0.542 0.625 0.972 0.792 0.486 1.000 0.764 1.000 0.819 0.653 0.986 1.000 1.000 0.736 0.917 0.986 1.000 1.000 0.986 0.847 1.000 1.000 0.611 0.778 0.903 1.000 1.000 1.000 1.000 1.000 0.931 1.000 0.597 0.986 0.944 1.000 0.931 0.972 0.444 1.000 0.972 0.750 0.833 0.375 0.833 0.542 0.597 0.556 0.819 1.000 0.931 1.000 0.611 1.000 0.986 0.778 1.000 0.722 1.000 0.722 1.000 1.000 1.000 1.000 0.750 0.542 0.806 0.528 0.528 0.750 0.556 1.000 0.597 1.000 0.792 0.597 0.778 0.514 0.431 0.986 0.889 0.514 0.722 0.917 0.708 0.889 0.556 0.903 0.708 0.889 0.403 0.806 0.958 0.819 0.583 0.806 0.875 0.986 0.958 0.944 0.986 0.986 1.000 0.972 0.986 1.000 0.653 0.736 0.903 0.972 1.000 0.694 0.986 0.833 0.986 0.833 0.972 0.944 0.708 0.986 0.681 0.986 0.639 0.861 0.833 0.875 1.000 1.000 0.986 1.000 0.736 1.000 0.944 1.000 0.986 1.000 0.694 1.000 1.000 0.875 0.764 1.000 1.000 0.833 0.986 1.000 1.000 ]
Empty labelvectors (predicted) 0    
Label cardinality (predicted)  26.986
Levenshtein distance           0.142


== Additional Measurements (averaged across folds)

Number of training instances   72
Number of test instances       72
Label cardinality (train set)  28.472
Label cardinality (test set)   28.471
Build Time                     0.177
Test Time                      0.037
Total Time                     0.214


Averaging: 0.38830331595739365