== Evaluation Info

Classifier                     Prepare_CC.Base_CC
Options                        [-S, 0, -W, weka.classifiers.trees.J48, --, -C, 0.25, -M, 2]
Additional Info                [61, 94, 151, 5, 148, 137, 27, 34, 123, 67, 2, 18, 145, 119, 156, 22, 112, 168, 83, 116, 33, 42, 85, 102, 135, 20, 64, 111, 10, 153, 172, 62, 49, 75, 101, 84, 72, 81, 4, 74, 171, 166, 71, 124, 59, 157, 109, 131, 88, 140, 69, 19, 35, 24, 92, 110, 113, 78, 152, 164, 76, 108, 91, 25, 29, 149, 120, 79, 170, 173, 136, 118, 0, 57, 56, 30, 133, 68, 53, 121, 73, 14, 144, 16, 65, 147, 41, 87, 122, 99, 58, 162, 93, 105, 12, 167, 95, 146, 97, 161, 165, 3, 48, 104, 51, 125, 63, 1, 106, 142, 31, 66, 155, 8, 107, 21, 132, 28, 44, 43, 55, 17, 23, 115, 70, 103, 38, 36, 138, 126, 159, 11, 130, 15, 40, 163, 45, 134, 143, 141, 13, 82, 98, 150, 6, 100, 139, 96, 54, 9, 47, 114, 117, 7, 26, 52, 50, 46, 86, 89, 32, 37, 39, 60, 77, 80, 90, 127, 128, 129, 154, 158, 160, 169]
Dataset                        CAL500
Number of labels (L)           174
Type                           ML-CV
Threshold                      0.5
Verbosity                      3


== Predictive Performance

Number of test instances (N)   
Accuracy                       0.272
Jaccard index                  0.272
Hamming score                  0.835
Exact match                    0    
Jaccard distance               0.728
Hamming loss                   0.165
ZeroOne loss                   1    
Harmonic score                 0.55 
One error                      0.612
Rank loss                      0.336
Avg precision                  0.283
Log Loss (lim. L)              0.854
Log Loss (lim. D)              0.759
F1 (micro averaged)            0.427
F1 (macro averaged by example) 0.42 
F1 (macro averaged by label)   0.14 
AUPRC (macro averaged)         NaN
AUROC (macro averaged)         NaN
Curve Data                     
Macro Curve Data               
Micro Curve Data               
Label indices                  [     0     1     2     3     4     5     6     7     8     9    10    11    12    13    14    15    16    17    18    19    20    21    22    23    24    25    26    27    28    29    30    31    32    33    34    35    36    37    38    39    40    41    42    43    44    45    46    47    48    49    50    51    52    53    54    55    56    57    58    59    60    61    62    63    64    65    66    67    68    69    70    71    72    73    74    75    76    77    78    79    80    81    82    83    84    85    86    87    88    89    90    91    92    93    94    95    96    97    98    99   100   101   102   103   104   105   106   107   108   109   110   111   112   113   114   115   116   117   118   119   120   121   122   123   124   125   126   127   128   129   130   131   132   133   134   135   136   137   138   139   140   141   142   143   144   145   146   147   148   149   150   151   152   153   154   155   156   157   158   159   160   161   162   163   164   165   166   167   168   169   170   171   172   173 ]
Accuracy (per label)           [ 0.714 0.449 0.531 0.990 0.990 0.500 0.980 0.480 0.806 0.582 0.694 0.663 0.704 0.663 0.571 0.918 0.622 0.786 0.980 0.490 0.816 0.571 0.949 0.561 0.786 0.745 0.776 0.643 0.480 0.929 0.969 0.500 1.000 0.653 0.949 0.551 0.592 1.000 0.949 1.000 0.735 0.990 0.990 0.990 0.990 0.796 0.990 0.959 0.990 0.837 0.929 0.990 0.980 0.959 0.949 0.990 0.980 0.929 0.969 0.786 1.000 0.714 0.939 0.724 0.969 0.541 0.980 0.959 0.908 0.480 0.673 0.724 0.510 0.673 0.806 0.755 0.980 1.000 0.969 0.551 1.000 0.847 0.837 0.949 0.796 0.980 0.602 0.990 0.990 0.980 1.000 0.582 0.949 0.929 0.500 0.469 0.908 0.500 0.990 0.755 0.990 0.531 0.857 0.653 0.786 0.490 0.990 0.745 0.816 0.878 0.990 0.602 0.704 0.459 0.806 0.939 0.653 0.663 0.643 0.990 0.929 0.429 0.888 0.806 0.990 0.867 0.949 1.000 1.000 1.000 0.949 0.980 0.990 0.796 0.806 0.888 0.867 0.990 0.908 0.990 0.929 0.918 0.888 0.990 0.694 0.969 0.949 0.602 0.847 0.888 0.898 0.918 0.969 0.980 1.000 0.980 0.990 0.837 1.000 0.704 1.000 0.929 0.980 0.888 0.990 0.990 0.949 0.867 0.969 1.000 0.929 0.959 0.959 0.980 ]
Empty labelvectors (predicted) 0    
Label cardinality (predicted)  23.867
Levenshtein distance           0.139


== Additional Measurements (averaged across folds)

Number of training instances   98
Number of test instances       98
Label cardinality (train set)  26.377
Label cardinality (test set)   26.351
Build Time                     0.373
Test Time                      0.048
Total Time                     0.422


Averaging: 0.3688933761352944