== Evaluation Info

Classifier                     Prepare_CC.Base_CC
Options                        [-S, 0, -W, weka.classifiers.trees.J48, --, -C, 0.25, -M, 2]
Additional Info                [89, 64, 169, 144, 128, 102, 85, 172, 23, 1, 74, 94, 120, 19, 15, 36, 93, 134, 158, 108, 113, 49, 135, 84, 75, 31, 66, 148, 17, 55, 6, 11, 2, 139, 99, 40, 26, 125, 76, 9, 22, 24, 0, 63, 151, 96, 149, 8, 123, 145, 28, 116, 105, 80, 83, 34, 67, 57, 136, 95, 86, 118, 39, 114, 127, 47, 16, 62, 109, 77, 101, 87, 33, 166, 12, 25, 146, 154, 91, 78, 58, 112, 21, 13, 97, 157, 35, 70, 7, 20, 42, 147, 153, 161, 48, 133, 53, 111, 73, 106, 30, 69, 79, 107, 59, 5, 138, 131, 162, 27, 88, 159, 10, 71, 121, 4, 18, 167, 46, 60, 119, 150, 50, 165, 173, 117, 61, 141, 32, 45, 98, 122, 142, 170, 81, 103, 164, 54, 29, 72, 163, 14, 65, 3, 37, 38, 41, 43, 44, 51, 52, 56, 68, 82, 90, 92, 100, 104, 110, 115, 124, 126, 129, 130, 132, 137, 140, 143, 152, 155, 156, 160, 168, 171]
Dataset                        CAL500
Number of labels (L)           174
Type                           ML-CV
Threshold                      0.5
Verbosity                      3


== Predictive Performance

Number of test instances (N)   
Accuracy                       0.333
Jaccard index                  0.333
Hamming score                  0.845
Exact match                    0    
Jaccard distance               0.667
Hamming loss                   0.155
ZeroOne loss                   1    
Harmonic score                 0.623
One error                      0.299
Rank loss                      0.299
Avg precision                  0.343
Log Loss (lim. L)              0.799
Log Loss (lim. D)              0.651
F1 (micro averaged)            0.499
F1 (macro averaged by example) 0.492
F1 (macro averaged by label)   0.146
AUPRC (macro averaged)         NaN
AUROC (macro averaged)         NaN
Curve Data                     
Macro Curve Data               
Micro Curve Data               
Label indices                  [     0     1     2     3     4     5     6     7     8     9    10    11    12    13    14    15    16    17    18    19    20    21    22    23    24    25    26    27    28    29    30    31    32    33    34    35    36    37    38    39    40    41    42    43    44    45    46    47    48    49    50    51    52    53    54    55    56    57    58    59    60    61    62    63    64    65    66    67    68    69    70    71    72    73    74    75    76    77    78    79    80    81    82    83    84    85    86    87    88    89    90    91    92    93    94    95    96    97    98    99   100   101   102   103   104   105   106   107   108   109   110   111   112   113   114   115   116   117   118   119   120   121   122   123   124   125   126   127   128   129   130   131   132   133   134   135   136   137   138   139   140   141   142   143   144   145   146   147   148   149   150   151   152   153   154   155   156   157   158   159   160   161   162   163   164   165   166   167   168   169   170   171   172   173 ]
Accuracy (per label)           [ 0.985 0.627 0.493 1.000 0.955 0.612 0.925 0.448 0.493 0.896 0.642 0.955 0.597 0.821 0.433 0.985 0.642 0.940 0.940 0.493 0.478 0.881 0.836 0.522 0.552 0.896 0.612 0.985 0.507 0.985 0.985 0.731 0.881 0.463 0.925 0.522 0.776 1.000 1.000 0.940 0.507 1.000 0.985 1.000 1.000 0.970 0.985 0.910 0.985 0.985 0.985 1.000 1.000 0.970 0.881 0.970 1.000 0.970 0.985 0.925 0.985 0.955 0.970 0.761 0.806 0.567 0.896 0.896 1.000 0.373 0.478 0.940 0.582 0.567 0.806 0.836 0.940 0.985 0.881 0.821 0.985 0.851 1.000 0.896 0.955 0.985 0.657 0.925 0.925 0.806 1.000 0.418 1.000 0.806 0.657 0.522 0.985 0.612 0.910 0.761 1.000 0.478 0.985 0.746 1.000 0.493 0.955 0.537 0.940 0.821 1.000 0.448 0.537 0.522 0.597 1.000 0.582 0.657 0.731 0.985 0.761 0.567 0.806 0.731 1.000 0.881 1.000 0.985 0.925 1.000 1.000 0.925 1.000 0.985 0.970 0.940 0.955 1.000 0.836 0.955 1.000 0.791 0.970 1.000 0.955 0.985 0.985 0.657 0.761 0.985 0.552 0.985 1.000 0.985 0.985 1.000 1.000 0.970 0.985 0.955 1.000 0.910 0.970 0.881 0.896 0.985 0.955 0.910 1.000 0.985 0.881 1.000 0.925 0.940 ]
Empty labelvectors (predicted) 0    
Label cardinality (predicted)  25.836
Levenshtein distance           0.134


== Additional Measurements (averaged across folds)

Number of training instances   67
Number of test instances       67
Label cardinality (train set)  27.969
Label cardinality (test set)   27.883
Build Time                     0.194
Test Time                      0.033
Total Time                     0.226


Averaging: 0.3928346729348355