== Evaluation Info

Classifier                     Prepare_CC.Base_CC
Options                        [-S, 0, -W, weka.classifiers.trees.J48, --, -C, 0.25, -M, 2]
Additional Info                [38, 92, 167, 60, 43, 35, 85, 12, 77, 102, 54, 127, 91, 161, 149, 128, 39, 160, 58, 10, 117, 134, 46, 106, 108, 103, 44, 18, 64, 61, 65, 153, 73, 88, 137, 74, 4, 140, 84, 2, 148, 126, 130, 89, 1, 78, 131, 53, 159, 169, 51, 33, 26, 52, 124, 37, 112, 28, 111, 144, 72, 82, 158, 90, 68, 21, 162, 27, 138, 16, 166, 150, 142, 3, 7, 9, 104, 172, 15, 163, 141, 164, 23, 32, 96, 45, 75, 57, 123, 156, 41, 20, 125, 98, 36, 95, 157, 94, 40, 171, 5, 114, 135, 25, 80, 139, 81, 62, 34, 6, 67, 63, 59, 24, 69, 66, 31, 132, 83, 70, 19, 30, 115, 99, 118, 71, 49, 8, 146, 86, 101, 56, 120, 155, 113, 107, 76, 22, 87, 13, 17, 97, 143, 122, 121, 42, 170, 100, 165, 129, 93, 29, 109, 50, 116, 48, 147, 79, 11, 105, 0, 14, 47, 55, 110, 119, 133, 136, 145, 151, 152, 154, 168, 173]
Dataset                        CAL500
Number of labels (L)           174
Type                           ML-CV
Threshold                      0.5
Verbosity                      3


== Predictive Performance

Number of test instances (N)   
Accuracy                       0.209
Jaccard index                  0.209
Hamming score                  0.843
Exact match                    0    
Jaccard distance               0.791
Hamming loss                   0.157
ZeroOne loss                   1    
Harmonic score                 0.454
One error                      0.306
Rank loss                      0.365
Avg precision                  0.224
Log Loss (lim. L)              0.809
Log Loss (lim. D)              0.719
F1 (micro averaged)            0.341
F1 (macro averaged by example) 0.338
F1 (macro averaged by label)   0.109
AUPRC (macro averaged)         NaN
AUROC (macro averaged)         NaN
Curve Data                     
Macro Curve Data               
Micro Curve Data               
Label indices                  [     0     1     2     3     4     5     6     7     8     9    10    11    12    13    14    15    16    17    18    19    20    21    22    23    24    25    26    27    28    29    30    31    32    33    34    35    36    37    38    39    40    41    42    43    44    45    46    47    48    49    50    51    52    53    54    55    56    57    58    59    60    61    62    63    64    65    66    67    68    69    70    71    72    73    74    75    76    77    78    79    80    81    82    83    84    85    86    87    88    89    90    91    92    93    94    95    96    97    98    99   100   101   102   103   104   105   106   107   108   109   110   111   112   113   114   115   116   117   118   119   120   121   122   123   124   125   126   127   128   129   130   131   132   133   134   135   136   137   138   139   140   141   142   143   144   145   146   147   148   149   150   151   152   153   154   155   156   157   158   159   160   161   162   163   164   165   166   167   168   169   170   171   172   173 ]
Accuracy (per label)           [ 1.000 0.643 0.918 0.602 0.929 0.500 0.541 0.786 0.612 0.663 0.776 0.469 0.541 0.704 1.000 0.561 0.724 0.724 0.561 0.939 0.735 0.561 0.724 0.602 0.551 0.939 0.765 0.704 0.796 0.765 0.806 0.500 0.663 0.684 0.765 0.510 0.684 0.980 0.990 0.959 0.786 0.990 0.959 0.929 0.980 0.969 0.990 1.000 0.980 0.990 0.990 0.990 0.929 0.765 0.939 1.000 0.990 0.969 0.878 0.847 0.949 0.980 0.898 0.796 0.867 0.714 0.969 0.704 0.878 0.561 0.653 0.867 0.500 0.571 0.765 0.673 0.969 0.969 0.949 0.571 0.969 0.765 0.827 0.969 0.939 0.929 0.796 0.969 0.969 0.959 0.969 0.633 0.776 0.959 0.520 0.806 0.663 0.857 0.704 0.786 0.633 0.724 0.776 0.714 0.806 0.480 0.980 0.888 0.724 0.898 1.000 0.480 0.531 0.622 0.796 0.827 0.959 0.469 0.969 1.000 0.939 0.714 0.990 0.980 0.745 0.949 0.959 0.918 0.959 0.990 0.857 0.990 0.990 1.000 0.878 0.939 1.000 0.980 0.765 0.980 0.990 0.980 0.990 0.990 0.990 1.000 0.969 0.939 0.857 0.857 0.918 1.000 1.000 0.857 1.000 0.990 0.980 0.878 0.990 0.990 0.949 0.908 0.990 0.878 0.980 0.990 0.980 0.898 1.000 0.980 0.908 0.990 0.990 1.000 ]
Empty labelvectors (predicted) 0    
Label cardinality (predicted)  18.388
Levenshtein distance           0.128


== Additional Measurements (averaged across folds)

Number of training instances   98
Number of test instances       98
Label cardinality (train set)  23
Label cardinality (test set)   22.977
Build Time                     0.376
Test Time                      0.048
Total Time                     0.425


Averaging: 0.35074832171573317