== Evaluation Info

Classifier                     Prepare_CC.Base_CC
Options                        [-S, 0, -W, weka.classifiers.trees.J48, --, -C, 0.25, -M, 2]
Additional Info                [167, 112, 147, 111, 87, 113, 83, 160, 34, 56, 126, 94, 73, 138, 84, 74, 161, 150, 19, 58, 92, 36, 107, 105, 99, 121, 141, 26, 32, 125, 104, 131, 33, 66, 153, 21, 120, 93, 28, 65, 6, 52, 9, 91, 18, 130, 143, 43, 57, 25, 72, 17, 5, 60, 67, 15, 44, 37, 13, 68, 157, 3, 85, 134, 82, 77, 106, 16, 53, 170, 98, 11, 76, 140, 95, 103, 100, 114, 29, 136, 164, 127, 96, 8, 31, 4, 71, 129, 48, 62, 69, 169, 27, 1, 22, 10, 149, 7, 35, 64, 40, 158, 108, 116, 115, 137, 59, 172, 70, 24, 102, 163, 12, 166, 79, 14, 90, 81, 20, 148, 117, 2, 75, 97, 135, 30, 110, 23, 86, 101, 156, 124, 63, 109, 80, 41, 0, 38, 39, 42, 45, 46, 47, 49, 50, 51, 54, 55, 61, 78, 88, 89, 118, 119, 122, 123, 128, 132, 133, 139, 142, 144, 145, 146, 151, 152, 154, 155, 159, 162, 165, 168, 171, 173]
Dataset                        CAL500
Number of labels (L)           174
Type                           ML-CV
Threshold                      0.5
Verbosity                      3


== Predictive Performance

Number of test instances (N)   
Accuracy                       0.231
Jaccard index                  0.231
Hamming score                  0.832
Exact match                    0    
Jaccard distance               0.769
Hamming loss                   0.168
ZeroOne loss                   1    
Harmonic score                 0.498
One error                      0.157
Rank loss                      0.353
Avg precision                  0.244
Log Loss (lim. L)              0.867
Log Loss (lim. D)              0.661
F1 (micro averaged)            0.368
F1 (macro averaged by example) 0.367
F1 (macro averaged by label)   0.108
AUPRC (macro averaged)         NaN
AUROC (macro averaged)         NaN
Curve Data                     
Macro Curve Data               
Micro Curve Data               
Label indices                  [     0     1     2     3     4     5     6     7     8     9    10    11    12    13    14    15    16    17    18    19    20    21    22    23    24    25    26    27    28    29    30    31    32    33    34    35    36    37    38    39    40    41    42    43    44    45    46    47    48    49    50    51    52    53    54    55    56    57    58    59    60    61    62    63    64    65    66    67    68    69    70    71    72    73    74    75    76    77    78    79    80    81    82    83    84    85    86    87    88    89    90    91    92    93    94    95    96    97    98    99   100   101   102   103   104   105   106   107   108   109   110   111   112   113   114   115   116   117   118   119   120   121   122   123   124   125   126   127   128   129   130   131   132   133   134   135   136   137   138   139   140   141   142   143   144   145   146   147   148   149   150   151   152   153   154   155   156   157   158   159   160   161   162   163   164   165   166   167   168   169   170   171   172   173 ]
Accuracy (per label)           [ 1.000 0.784 0.765 0.529 0.941 0.627 0.529 0.922 0.882 0.471 0.902 0.412 0.608 0.745 0.824 0.490 0.824 0.471 0.588 0.667 0.784 0.490 0.824 0.549 0.490 0.941 0.902 0.588 0.804 0.490 0.725 0.686 0.510 0.745 0.745 0.431 0.843 0.961 1.000 1.000 0.902 0.980 1.000 0.941 0.980 1.000 1.000 1.000 0.980 1.000 1.000 1.000 0.941 0.843 1.000 1.000 0.863 0.922 0.902 0.667 0.765 1.000 0.863 0.941 0.980 0.765 0.608 0.706 0.706 0.627 0.608 0.922 0.686 0.667 0.961 0.745 0.784 0.961 1.000 0.667 0.980 0.765 0.961 0.902 0.804 0.961 0.647 0.922 1.000 1.000 0.980 0.902 0.608 0.863 0.490 0.765 0.529 0.961 0.529 0.706 0.471 0.510 0.902 0.824 0.824 0.490 0.902 0.804 0.588 0.843 0.922 0.451 0.451 0.471 0.863 0.804 0.980 0.686 1.000 1.000 0.863 0.784 1.000 1.000 0.627 0.961 0.824 0.843 1.000 0.961 0.667 0.980 1.000 1.000 0.941 0.961 0.980 0.980 0.804 1.000 0.980 0.765 1.000 0.902 1.000 1.000 1.000 0.902 0.804 0.980 0.961 1.000 1.000 0.863 1.000 1.000 0.980 0.784 0.980 1.000 0.980 0.941 1.000 0.961 0.745 1.000 0.882 0.980 1.000 0.980 0.843 1.000 0.922 1.000 ]
Empty labelvectors (predicted) 0    
Label cardinality (predicted)  22.059
Levenshtein distance           0.134


== Additional Measurements (averaged across folds)

Number of training instances   51
Number of test instances       51
Label cardinality (train set)  24.215
Label cardinality (test set)   24.18
Build Time                     0.126
Test Time                      0.027
Total Time                     0.153


Averaging: 0.3544216979542993