== Evaluation Info

Classifier                     Prepare_CC.Base_CC
Options                        [-S, 0, -W, weka.classifiers.trees.J48, --, -C, 0.25, -M, 2]
Additional Info                [14, 42, 76, 56, 165, 104, 71, 109, 39, 156, 103, 44, 94, 140, 85, 83, 155, 48, 173, 161, 88, 7, 65, 116, 105, 157, 4, 89, 115, 93, 90, 167, 128, 154, 166, 146, 60, 158, 1, 73, 74, 99, 118, 142, 92, 37, 25, 120, 150, 27, 45, 126, 110, 2, 17, 149, 96, 139, 9, 23, 66, 98, 69, 63, 33, 67, 70, 13, 114, 108, 64, 21, 43, 125, 135, 19, 15, 40, 50, 55, 91, 82, 100, 8, 18, 168, 172, 12, 29, 11, 164, 38, 22, 52, 148, 101, 107, 134, 5, 53, 75, 86, 3, 47, 16, 10, 68, 130, 102, 127, 132, 6, 136, 169, 59, 138, 78, 129, 72, 62, 124, 51, 57, 95, 111, 81, 58, 46, 34, 119, 162, 152, 112, 141, 171, 160, 163, 30, 113, 79, 153, 106, 32, 28, 54, 41, 26, 20, 147, 170, 97, 121, 36, 87, 77, 35, 137, 31, 80, 131, 117, 24, 0, 49, 61, 84, 122, 123, 133, 143, 144, 145, 151, 159]
Dataset                        CAL500
Number of labels (L)           174
Type                           ML-CV
Threshold                      0.5
Verbosity                      3


== Predictive Performance

Number of test instances (N)   
Accuracy                       0.282
Jaccard index                  0.282
Hamming score                  0.84 
Exact match                    0    
Jaccard distance               0.718
Hamming loss                   0.16 
ZeroOne loss                   1    
Harmonic score                 0.555
One error                      0.103
Rank loss                      0.328
Avg precision                  0.294
Log Loss (lim. L)              0.824
Log Loss (lim. D)              0.76 
F1 (micro averaged)            0.435
F1 (macro averaged by example) 0.433
F1 (macro averaged by label)   0.144
AUPRC (macro averaged)         NaN
AUROC (macro averaged)         NaN
Curve Data                     
Macro Curve Data               
Micro Curve Data               
Label indices                  [     0     1     2     3     4     5     6     7     8     9    10    11    12    13    14    15    16    17    18    19    20    21    22    23    24    25    26    27    28    29    30    31    32    33    34    35    36    37    38    39    40    41    42    43    44    45    46    47    48    49    50    51    52    53    54    55    56    57    58    59    60    61    62    63    64    65    66    67    68    69    70    71    72    73    74    75    76    77    78    79    80    81    82    83    84    85    86    87    88    89    90    91    92    93    94    95    96    97    98    99   100   101   102   103   104   105   106   107   108   109   110   111   112   113   114   115   116   117   118   119   120   121   122   123   124   125   126   127   128   129   130   131   132   133   134   135   136   137   138   139   140   141   142   143   144   145   146   147   148   149   150   151   152   153   154   155   156   157   158   159   160   161   162   163   164   165   166   167   168   169   170   171   172   173 ]
Accuracy (per label)           [ 1.000 0.871 0.897 0.526 0.991 0.664 0.569 0.966 0.776 0.595 0.836 0.500 0.552 0.888 0.897 0.560 0.784 0.586 0.621 0.940 0.828 0.534 0.578 0.621 0.603 0.991 0.655 0.707 0.784 0.655 0.767 0.629 0.448 0.862 0.552 0.759 0.784 0.974 0.957 0.957 0.793 0.983 0.862 0.940 0.983 0.983 0.983 0.957 0.974 1.000 0.991 0.966 0.819 0.759 0.819 0.983 0.948 0.897 0.836 0.983 0.784 1.000 0.853 0.802 0.845 0.767 0.974 0.733 0.983 0.621 0.664 0.991 0.483 0.724 0.983 0.690 0.991 0.991 0.940 0.647 0.991 0.422 0.991 0.914 1.000 0.888 0.922 0.983 0.991 0.940 0.948 0.578 0.716 0.922 0.552 0.983 0.526 0.914 0.560 0.836 0.517 0.534 0.879 0.586 0.681 0.509 0.966 0.655 0.698 0.784 0.983 0.845 0.466 0.853 0.716 0.914 0.966 0.509 0.966 0.914 0.931 0.698 1.000 1.000 0.733 0.914 0.974 0.888 0.836 0.957 0.897 0.991 0.974 1.000 0.991 0.940 0.974 0.983 0.534 0.966 0.991 0.897 0.879 1.000 1.000 1.000 0.948 0.888 0.741 0.828 0.862 1.000 0.991 0.802 0.957 0.948 0.940 0.991 0.931 1.000 0.940 0.957 0.905 0.983 0.983 0.957 0.974 0.966 0.966 0.983 0.879 0.862 0.983 0.983 ]
Empty labelvectors (predicted) 0    
Label cardinality (predicted)  22.698
Levenshtein distance           0.133


== Additional Measurements (averaged across folds)

Number of training instances   116
Number of test instances       116
Label cardinality (train set)  26.517
Label cardinality (test set)   26.502
Build Time                     0.55 
Test Time                      0.058
Total Time                     0.608


Averaging: 0.3740941101741299