== Evaluation Info

Classifier                     Prepare_CC.Base_CC
Options                        [-S, 0, -W, weka.classifiers.trees.J48, --, -C, 0.25, -M, 2]
Additional Info                [80, 104, 88, 22, 119, 8, 117, 91, 106, 11, 143, 92, 32, 51, 72, 105, 94, 15, 39, 89, 49, 134, 118, 59, 129, 37, 48, 149, 127, 62, 17, 87, 43, 9, 57, 95, 68, 133, 5, 150, 78, 100, 152, 145, 6, 41, 31, 142, 97, 45, 81, 75, 111, 82, 3, 13, 132, 14, 69, 30, 65, 60, 128, 23, 146, 126, 67, 140, 40, 58, 7, 153, 33, 98, 4, 99, 86, 77, 53, 10, 83, 114, 71, 50, 56, 76, 36, 123, 122, 61, 25, 112, 154, 151, 84, 66, 90, 96, 125, 116, 101, 120, 18, 29, 24, 136, 138, 130, 20, 85, 147, 63, 70, 141, 135, 2, 107, 93, 52, 79, 54, 131, 21, 103, 144, 35, 124, 108, 34, 109, 47, 73, 55, 16, 113, 26, 102, 38, 74, 19, 139, 64, 148, 121, 1, 0, 46, 115, 42, 110, 27, 28, 137, 44, 12]
Dataset                        CAL500
Number of labels (L)           155
Type                           ML-CV
Threshold                      0.5
Verbosity                      3


== Predictive Performance

Number of test instances (N)   
Accuracy                       0.214
Jaccard index                  0.214
Hamming score                  0.82 
Exact match                    0    
Jaccard distance               0.786
Hamming loss                   0.18 
ZeroOne loss                   1    
Harmonic score                 0.469
One error                      0.3  
Rank loss                      0.385
Avg precision                  0.237
Log Loss (lim. L)              0.909
Log Loss (lim. D)              0.811
F1 (micro averaged)            0.347
F1 (macro averaged by example) 0.346
F1 (macro averaged by label)   0.125
AUPRC (macro averaged)         0.154
AUROC (macro averaged)         0.498
Curve Data                     
Macro Curve Data               
Micro Curve Data               
Label indices                  [     0     1     2     3     4     5     6     7     8     9    10    11    12    13    14    15    16    17    18    19    20    21    22    23    24    25    26    27    28    29    30    31    32    33    34    35    36    37    38    39    40    41    42    43    44    45    46    47    48    49    50    51    52    53    54    55    56    57    58    59    60    61    62    63    64    65    66    67    68    69    70    71    72    73    74    75    76    77    78    79    80    81    82    83    84    85    86    87    88    89    90    91    92    93    94    95    96    97    98    99   100   101   102   103   104   105   106   107   108   109   110   111   112   113   114   115   116   117   118   119   120   121   122   123   124   125   126   127   128   129   130   131   132   133   134   135   136   137   138   139   140   141   142   143   144   145   146   147   148   149   150   151   152   153   154 ]
Accuracy (per label)           [ 0.644 0.889 0.589 0.944 0.522 0.589 0.822 0.678 0.656 0.756 0.589 0.522 0.822 0.389 0.656 0.589 0.567 0.956 0.711 0.567 0.644 0.689 0.578 0.967 0.722 0.689 0.767 0.756 0.700 0.633 0.600 0.756 0.689 0.756 0.689 0.967 0.989 0.956 0.767 0.989 0.967 0.922 0.978 0.978 0.944 0.989 0.989 0.989 0.922 0.700 0.878 0.989 0.967 0.844 0.856 0.967 0.989 0.856 0.733 0.833 0.644 0.978 0.689 0.878 0.611 0.644 0.911 0.544 0.578 0.789 0.778 0.989 0.967 0.922 0.656 0.978 0.678 0.878 0.967 0.911 0.856 0.700 0.978 0.967 0.956 0.933 0.567 0.778 0.956 0.533 0.811 0.567 0.811 0.633 0.711 0.622 0.700 0.856 0.622 0.856 0.467 0.978 0.889 0.744 0.856 0.567 0.600 0.622 0.733 0.889 0.967 0.467 0.967 0.933 0.656 0.978 0.756 0.944 0.911 0.933 0.956 0.989 0.867 0.989 0.989 0.878 0.933 0.989 0.667 0.967 0.989 0.967 0.989 0.989 0.967 0.889 0.833 0.878 0.867 0.878 0.989 0.967 0.878 0.989 0.933 0.933 0.944 0.922 0.989 0.989 0.978 0.911 0.978 0.922 0.989 ]
Empty labelvectors (predicted) 0    
Label cardinality (predicted)  19.567
Levenshtein distance           0.148


== Additional Measurements (averaged across folds)

Number of training instances   90
Number of test instances       90
Label cardinality (train set)  23.222
Label cardinality (test set)   23.222
Build Time                     0.376
Test Time                      0.044
Total Time                     0.42 


Averaging: 0.3444885333941137