== Evaluation Info

Classifier                     Prepare_CC.Base_CC
Options                        [-S, 0, -W, weka.classifiers.trees.J48, --, -C, 0.25, -M, 2]
Additional Info                [40, 89, 13, 56, 108, 41, 94, 95, 83, 33, 17, 26, 19, 60, 15, 46, 36, 125, 97, 77, 123, 100, 121, 14, 128, 106, 75, 116, 135, 37, 32, 51, 58, 53, 35, 92, 68, 80, 23, 81, 130, 129, 50, 76, 74, 114, 101, 131, 42, 9, 88, 137, 71, 127, 124, 133, 11, 12, 122, 103, 78, 132, 45, 104, 25, 115, 4, 72, 30, 0, 91, 8, 134, 7, 24, 87, 117, 109, 113, 99, 118, 61, 70, 29, 3, 67, 47, 98, 107, 110, 93, 20, 10, 85, 73, 6, 96, 105, 86, 138, 136, 69, 126, 102, 111, 64, 43, 38, 84, 31, 28, 57, 22, 63, 18, 5, 54, 1, 90, 82, 120, 44, 52, 119, 65, 16, 79, 112, 59, 2, 21, 55, 39, 27, 48, 62, 49, 34, 66]
Dataset                        CAL500
Number of labels (L)           139
Type                           ML-CV
Threshold                      0.5
Verbosity                      3


== Predictive Performance

Number of test instances (N)   
Accuracy                       0.326
Jaccard index                  0.326
Hamming score                  0.799
Exact match                    0    
Jaccard distance               0.674
Hamming loss                   0.201
ZeroOne loss                   1    
Harmonic score                 0.605
One error                      0.468
Rank loss                      0.327
Avg precision                  0.359
Log Loss (lim. L)              0.994
Log Loss (lim. D)              0.875
F1 (micro averaged)            0.487
F1 (macro averaged by example) 0.482
F1 (macro averaged by label)   0.184
AUPRC (macro averaged)         0.209
AUROC (macro averaged)         0.497
Curve Data                     
Macro Curve Data               
Micro Curve Data               
Label indices                  [     0     1     2     3     4     5     6     7     8     9    10    11    12    13    14    15    16    17    18    19    20    21    22    23    24    25    26    27    28    29    30    31    32    33    34    35    36    37    38    39    40    41    42    43    44    45    46    47    48    49    50    51    52    53    54    55    56    57    58    59    60    61    62    63    64    65    66    67    68    69    70    71    72    73    74    75    76    77    78    79    80    81    82    83    84    85    86    87    88    89    90    91    92    93    94    95    96    97    98    99   100   101   102   103   104   105   106   107   108   109   110   111   112   113   114   115   116   117   118   119   120   121   122   123   124   125   126   127   128   129   130   131   132   133   134   135   136   137   138 ]
Accuracy (per label)           [ 0.623 0.805 0.532 0.909 0.870 0.455 0.987 0.662 0.597 0.987 0.675 0.714 0.753 0.519 0.909 0.961 0.571 0.662 0.974 0.649 0.987 0.805 0.987 0.455 0.987 0.506 0.558 0.948 0.818 0.558 0.753 0.844 0.494 0.987 0.987 0.675 0.974 0.987 0.948 0.987 0.584 0.805 0.974 0.974 0.714 0.987 0.844 0.935 0.974 0.597 0.987 0.974 0.857 0.766 0.532 0.766 0.558 0.597 0.532 0.792 0.909 0.636 0.974 0.740 0.727 0.623 0.987 0.987 0.766 0.584 0.922 0.519 0.364 0.792 0.468 0.961 0.519 0.987 0.636 0.688 0.896 0.597 0.519 0.987 0.857 0.519 0.870 0.974 0.597 0.688 0.519 0.805 0.701 0.844 0.545 0.662 0.961 0.844 0.584 0.883 0.883 0.987 0.883 0.974 0.987 0.987 0.909 0.987 0.610 0.740 0.909 0.974 0.987 0.740 0.987 0.844 0.987 0.792 0.948 0.857 0.857 0.987 0.714 0.935 0.701 0.909 0.896 0.870 0.987 0.740 0.987 0.857 0.987 0.675 0.987 0.909 0.753 0.831 0.987 ]
Empty labelvectors (predicted) 0    
Label cardinality (predicted)  26.195
Levenshtein distance           0.173


== Additional Measurements (averaged across folds)

Number of training instances   77
Number of test instances       77
Label cardinality (train set)  28.338
Label cardinality (test set)   28.336
Build Time                     0.293
Test Time                      0.038
Total Time                     0.33 


Averaging: 0.37476754729086137