== Evaluation Info

Classifier                     Prepare_CC.Base_CC
Options                        [-S, 0, -W, weka.classifiers.trees.J48, --, -C, 0.25, -M, 2]
Additional Info                [128, 26, 139, 95, 36, 58, 108, 54, 5, 91, 141, 119, 14, 126, 116, 57, 90, 136, 2, 160, 30, 38, 46, 123, 1, 173, 153, 49, 88, 171, 76, 172, 107, 131, 115, 132, 48, 10, 29, 102, 32, 144, 50, 110, 96, 114, 21, 152, 155, 146, 13, 163, 59, 63, 53, 138, 31, 6, 121, 106, 134, 22, 11, 101, 168, 117, 27, 8, 82, 109, 35, 12, 72, 130, 118, 34, 67, 105, 133, 78, 170, 51, 81, 142, 122, 135, 145, 20, 47, 148, 44, 42, 73, 24, 84, 125, 23, 150, 41, 140, 40, 7, 94, 61, 167, 52, 112, 120, 64, 113, 79, 86, 85, 43, 104, 19, 89, 75, 9, 71, 68, 147, 157, 15, 92, 62, 149, 166, 0, 97, 69, 93, 16, 103, 159, 33, 99, 55, 162, 60, 28, 98, 74, 83, 70, 17, 18, 65, 137, 45, 111, 25, 161, 3, 4, 37, 39, 56, 66, 77, 80, 87, 100, 124, 127, 129, 143, 151, 154, 156, 158, 164, 165, 169]
Dataset                        CAL500
Number of labels (L)           174
Type                           ML-CV
Threshold                      0.5
Verbosity                      3


== Predictive Performance

Number of test instances (N)   
Accuracy                       0.271
Jaccard index                  0.271
Hamming score                  0.828
Exact match                    0    
Jaccard distance               0.729
Hamming loss                   0.172
ZeroOne loss                   1    
Harmonic score                 0.549
One error                      0.349
Rank loss                      0.337
Avg precision                  0.286
Log Loss (lim. L)              0.889
Log Loss (lim. D)              0.714
F1 (micro averaged)            0.424
F1 (macro averaged by example) 0.418
F1 (macro averaged by label)   0.14 
AUPRC (macro averaged)         NaN
AUROC (macro averaged)         NaN
Curve Data                     
Macro Curve Data               
Micro Curve Data               
Label indices                  [     0     1     2     3     4     5     6     7     8     9    10    11    12    13    14    15    16    17    18    19    20    21    22    23    24    25    26    27    28    29    30    31    32    33    34    35    36    37    38    39    40    41    42    43    44    45    46    47    48    49    50    51    52    53    54    55    56    57    58    59    60    61    62    63    64    65    66    67    68    69    70    71    72    73    74    75    76    77    78    79    80    81    82    83    84    85    86    87    88    89    90    91    92    93    94    95    96    97    98    99   100   101   102   103   104   105   106   107   108   109   110   111   112   113   114   115   116   117   118   119   120   121   122   123   124   125   126   127   128   129   130   131   132   133   134   135   136   137   138   139   140   141   142   143   144   145   146   147   148   149   150   151   152   153   154   155   156   157   158   159   160   161   162   163   164   165   166   167   168   169   170   171   172   173 ]
Accuracy (per label)           [ 0.905 0.603 0.524 1.000 1.000 0.524 0.841 0.508 0.556 0.778 0.524 0.984 0.635 0.825 0.429 0.952 0.476 0.984 0.873 0.460 0.603 0.667 0.730 0.603 0.667 0.889 0.476 0.857 0.492 0.984 0.984 0.635 0.937 0.508 0.730 0.619 0.619 1.000 0.873 1.000 0.857 0.984 0.968 0.952 0.984 0.905 0.984 0.873 0.921 0.905 0.810 0.984 0.968 0.921 0.857 0.968 1.000 0.905 0.984 0.968 0.984 0.984 0.778 0.635 0.952 0.619 1.000 0.968 0.968 0.587 0.413 0.905 0.397 0.619 0.762 0.651 0.984 1.000 0.921 0.571 1.000 0.683 0.984 0.825 0.968 0.952 0.651 1.000 0.968 0.857 0.984 0.492 0.984 0.683 0.698 0.397 0.873 0.540 0.921 0.730 1.000 0.444 0.937 0.413 0.984 0.540 0.984 0.540 0.921 0.794 0.984 0.587 0.571 0.524 0.667 0.905 0.667 0.698 0.619 0.841 0.857 0.429 0.952 0.841 1.000 0.698 0.905 1.000 0.937 1.000 0.937 0.984 0.984 0.889 0.937 0.984 0.889 0.984 0.714 0.984 0.984 0.698 0.937 1.000 0.984 0.984 0.952 0.587 0.873 0.905 0.905 1.000 0.873 0.984 1.000 0.921 1.000 0.984 1.000 0.984 0.921 0.825 0.968 0.937 1.000 1.000 0.905 0.889 0.937 1.000 0.905 0.921 0.937 0.937 ]
Empty labelvectors (predicted) 0    
Label cardinality (predicted)  25
Levenshtein distance           0.144


== Additional Measurements (averaged across folds)

Number of training instances   63
Number of test instances       63
Label cardinality (train set)  27.064
Label cardinality (test set)   27.09
Build Time                     0.184
Test Time                      0.031
Total Time                     0.216


Averaging: 0.3661329799865914