== Evaluation Info

Classifier                     Prepare_CC.Base_CC
Options                        [-S, 0, -W, weka.classifiers.trees.J48, --, -C, 0.25, -M, 2]
Additional Info                [27, 0, 106, 10, 88, 25, 138, 60, 2, 119, 111, 4, 3, 61, 49, 77, 20, 63, 26, 108, 161, 157, 58, 80, 115, 45, 148, 147, 65, 72, 68, 85, 153, 159, 143, 74, 78, 172, 76, 50, 81, 8, 75, 11, 121, 40, 162, 59, 126, 28, 107, 42, 13, 24, 129, 169, 84, 5, 14, 86, 83, 105, 163, 95, 102, 130, 149, 123, 71, 125, 158, 34, 160, 22, 97, 32, 140, 12, 31, 16, 35, 135, 1, 137, 57, 127, 54, 46, 15, 155, 113, 91, 64, 101, 98, 92, 53, 48, 144, 73, 52, 69, 29, 141, 118, 30, 79, 67, 87, 164, 19, 94, 41, 165, 96, 117, 167, 100, 134, 128, 62, 89, 170, 23, 112, 9, 43, 114, 56, 21, 104, 99, 145, 6, 109, 66, 142, 124, 17, 7, 33, 36, 18, 37, 156, 150, 93, 82, 166, 70, 139, 103, 44, 146, 120, 39, 38, 47, 51, 55, 90, 110, 116, 122, 131, 132, 133, 136, 151, 152, 154, 168, 171, 173]
Dataset                        CAL500
Number of labels (L)           174
Type                           ML-CV
Threshold                      0.5
Verbosity                      3


== Predictive Performance

Number of test instances (N)   
Accuracy                       0.226
Jaccard index                  0.226
Hamming score                  0.841
Exact match                    0    
Jaccard distance               0.774
Hamming loss                   0.159
ZeroOne loss                   1    
Harmonic score                 0.489
One error                      0.389
Rank loss                      0.345
Avg precision                  0.237
Log Loss (lim. L)              0.822
Log Loss (lim. D)              0.681
F1 (micro averaged)            0.368
F1 (macro averaged by example) 0.363
F1 (macro averaged by label)   0.127
AUPRC (macro averaged)         NaN
AUROC (macro averaged)         NaN
Curve Data                     
Macro Curve Data               
Micro Curve Data               
Label indices                  [     0     1     2     3     4     5     6     7     8     9    10    11    12    13    14    15    16    17    18    19    20    21    22    23    24    25    26    27    28    29    30    31    32    33    34    35    36    37    38    39    40    41    42    43    44    45    46    47    48    49    50    51    52    53    54    55    56    57    58    59    60    61    62    63    64    65    66    67    68    69    70    71    72    73    74    75    76    77    78    79    80    81    82    83    84    85    86    87    88    89    90    91    92    93    94    95    96    97    98    99   100   101   102   103   104   105   106   107   108   109   110   111   112   113   114   115   116   117   118   119   120   121   122   123   124   125   126   127   128   129   130   131   132   133   134   135   136   137   138   139   140   141   142   143   144   145   146   147   148   149   150   151   152   153   154   155   156   157   158   159   160   161   162   163   164   165   166   167   168   169   170   171   172   173 ]
Accuracy (per label)           [ 0.986 0.569 0.764 0.611 0.861 0.625 0.542 0.750 0.750 0.458 0.778 0.417 0.639 0.792 0.917 0.528 0.792 0.458 0.431 0.750 0.806 0.278 0.764 0.681 0.486 0.833 0.722 0.528 0.639 0.736 0.778 0.667 0.736 0.764 0.736 0.597 0.625 0.986 1.000 0.972 0.778 0.972 0.917 0.958 0.986 0.986 0.986 1.000 0.986 0.917 0.958 1.000 0.917 0.792 0.944 1.000 0.986 0.958 0.889 0.847 0.903 0.958 0.917 0.833 0.917 0.694 0.931 0.778 0.861 0.792 0.653 0.861 0.611 0.597 0.625 0.819 0.986 0.917 0.958 0.653 0.944 0.847 0.889 0.958 0.917 0.958 0.694 0.972 0.972 0.972 1.000 0.806 0.667 0.986 0.597 0.875 0.528 0.736 0.778 0.764 0.778 0.708 0.778 0.681 0.903 0.500 0.986 0.889 0.694 0.903 1.000 0.486 0.667 0.569 0.847 0.875 1.000 0.444 0.903 0.986 0.903 0.694 1.000 0.972 0.722 0.944 0.972 0.958 0.931 0.986 0.917 1.000 1.000 1.000 0.931 0.986 1.000 0.972 0.667 0.972 0.986 0.972 0.986 0.972 0.986 0.986 0.972 0.958 0.903 0.875 0.889 1.000 1.000 0.931 1.000 0.986 0.986 0.861 0.986 0.986 0.958 0.944 0.986 0.792 0.986 0.986 0.931 0.792 1.000 0.986 0.931 1.000 0.986 1.000 ]
Empty labelvectors (predicted) 0    
Label cardinality (predicted)  20.083
Levenshtein distance           0.129


== Additional Measurements (averaged across folds)

Number of training instances   72
Number of test instances       72
Label cardinality (train set)  23.806
Label cardinality (test set)   23.805
Build Time                     0.231
Test Time                      0.038
Total Time                     0.269


Averaging: 0.3557109153187148