== Evaluation Info

Classifier                     Prepare_CC.Base_CC
Options                        [-S, 0, -W, weka.classifiers.trees.J48, --, -C, 0.25, -M, 2]
Additional Info                [157, 99, 31, 135, 134, 91, 129, 90, 79, 45, 130, 147, 116, 148, 57, 16, 81, 126, 36, 117, 125, 77, 5, 105, 160, 104, 118, 161, 114, 94, 170, 68, 22, 83, 66, 30, 35, 89, 40, 54, 24, 1, 71, 41, 21, 63, 103, 108, 37, 85, 43, 93, 168, 7, 155, 113, 156, 72, 87, 70, 172, 18, 44, 127, 29, 23, 120, 163, 167, 17, 131, 95, 86, 46, 58, 162, 100, 20, 56, 146, 67, 96, 137, 64, 32, 165, 92, 76, 74, 9, 150, 4, 8, 109, 101, 10, 75, 154, 149, 102, 142, 106, 110, 15, 53, 60, 2, 82, 138, 128, 139, 25, 6, 132, 119, 141, 13, 62, 121, 107, 47, 69, 33, 80, 28, 59, 27, 11, 164, 112, 97, 12, 98, 52, 171, 173, 169, 166, 19, 115, 124, 51, 34, 78, 158, 73, 39, 26, 153, 111, 3, 65, 42, 0, 14, 38, 48, 49, 50, 55, 61, 84, 88, 122, 123, 133, 136, 140, 143, 144, 145, 151, 152, 159]
Dataset                        CAL500
Number of labels (L)           174
Type                           ML-CV
Threshold                      0.5
Verbosity                      3


== Predictive Performance

Number of test instances (N)   
Accuracy                       0.272
Jaccard index                  0.272
Hamming score                  0.838
Exact match                    0    
Jaccard distance               0.728
Hamming loss                   0.162
ZeroOne loss                   1    
Harmonic score                 0.552
One error                      0.092
Rank loss                      0.326
Avg precision                  0.282
Log Loss (lim. L)              0.836
Log Loss (lim. D)              0.743
F1 (micro averaged)            0.423
F1 (macro averaged by example) 0.421
F1 (macro averaged by label)   0.126
AUPRC (macro averaged)         NaN
AUROC (macro averaged)         NaN
Curve Data                     
Macro Curve Data               
Micro Curve Data               
Label indices                  [     0     1     2     3     4     5     6     7     8     9    10    11    12    13    14    15    16    17    18    19    20    21    22    23    24    25    26    27    28    29    30    31    32    33    34    35    36    37    38    39    40    41    42    43    44    45    46    47    48    49    50    51    52    53    54    55    56    57    58    59    60    61    62    63    64    65    66    67    68    69    70    71    72    73    74    75    76    77    78    79    80    81    82    83    84    85    86    87    88    89    90    91    92    93    94    95    96    97    98    99   100   101   102   103   104   105   106   107   108   109   110   111   112   113   114   115   116   117   118   119   120   121   122   123   124   125   126   127   128   129   130   131   132   133   134   135   136   137   138   139   140   141   142   143   144   145   146   147   148   149   150   151   152   153   154   155   156   157   158   159   160   161   162   163   164   165   166   167   168   169   170   171   172   173 ]
Accuracy (per label)           [ 1.000 0.898 0.980 0.520 0.990 0.582 0.582 0.939 0.673 0.673 0.816 0.531 0.520 0.878 1.000 0.551 0.684 0.520 0.531 0.908 0.735 0.500 0.643 0.602 0.531 0.990 0.633 0.714 0.827 0.592 0.735 0.541 0.561 0.827 0.480 0.643 0.684 0.969 1.000 0.980 0.837 0.990 0.888 0.949 0.969 0.990 0.969 0.959 1.000 1.000 1.000 0.980 0.837 0.776 0.847 1.000 0.980 0.888 0.694 0.980 0.827 1.000 0.908 0.816 0.857 0.806 0.939 0.673 0.990 0.541 0.694 0.980 0.469 0.653 0.969 0.724 0.969 0.990 0.969 0.663 0.990 0.612 0.980 0.939 1.000 0.908 0.888 0.959 1.000 0.980 0.949 0.602 0.704 0.990 0.439 0.949 0.500 0.949 0.531 0.755 0.490 0.633 0.816 0.439 0.684 0.520 0.980 0.755 0.663 0.888 0.990 0.786 0.500 0.806 0.673 0.969 0.918 0.541 0.980 0.980 0.949 0.745 1.000 1.000 0.663 0.949 0.959 0.867 0.867 0.949 0.827 0.990 0.969 1.000 0.959 0.878 1.000 0.980 0.510 0.959 1.000 0.929 0.939 1.000 1.000 1.000 0.990 0.949 0.745 0.786 0.908 1.000 1.000 0.837 0.949 0.969 0.888 0.990 0.980 1.000 0.980 0.949 0.908 0.969 0.959 0.980 0.990 0.969 0.969 0.980 0.878 0.888 0.959 0.990 ]
Empty labelvectors (predicted) 0    
Label cardinality (predicted)  22.969
Levenshtein distance           0.132


== Additional Measurements (averaged across folds)

Number of training instances   98
Number of test instances       98
Label cardinality (train set)  25.898
Label cardinality (test set)   25.89
Build Time                     0.369
Test Time                      0.045
Total Time                     0.414


Averaging: 0.37003032134093194