== Evaluation Info

Classifier                     Prepare_CC.Base_CC
Options                        [-S, 0, -W, weka.classifiers.trees.J48, --, -C, 0.25, -M, 2]
Additional Info                [136, 83, 50, 92, 32, 79, 85, 30, 90, 6, 34, 36, 118, 130, 22, 53, 153, 59, 170, 139, 47, 140, 65, 3, 121, 115, 105, 42, 163, 146, 86, 69, 7, 58, 57, 25, 70, 27, 38, 1, 31, 33, 127, 74, 2, 113, 10, 164, 75, 63, 112, 46, 116, 135, 11, 150, 98, 15, 39, 124, 102, 109, 77, 138, 133, 49, 14, 64, 72, 43, 20, 162, 142, 0, 62, 19, 123, 84, 48, 147, 103, 28, 55, 81, 119, 78, 106, 166, 17, 126, 68, 145, 101, 107, 93, 96, 134, 82, 169, 91, 73, 80, 24, 141, 151, 89, 114, 37, 23, 95, 26, 40, 161, 111, 104, 131, 108, 51, 35, 54, 120, 167, 173, 132, 99, 8, 71, 13, 148, 156, 149, 5, 172, 152, 29, 76, 158, 45, 94, 157, 21, 18, 87, 66, 88, 128, 9, 154, 12, 165, 60, 4, 117, 16, 125, 67, 122, 97, 41, 44, 52, 56, 61, 100, 110, 129, 137, 143, 144, 155, 159, 160, 168, 171]
Dataset                        CAL500
Number of labels (L)           174
Type                           ML-CV
Threshold                      0.5
Verbosity                      3


== Predictive Performance

Number of test instances (N)   
Accuracy                       0.259
Jaccard index                  0.259
Hamming score                  0.838
Exact match                    0    
Jaccard distance               0.741
Hamming loss                   0.162
ZeroOne loss                   1    
Harmonic score                 0.525
One error                      0.467
Rank loss                      0.343
Avg precision                  0.274
Log Loss (lim. L)              0.837
Log Loss (lim. D)              0.758
F1 (micro averaged)            0.411
F1 (macro averaged by example) 0.401
F1 (macro averaged by label)   0.131
AUPRC (macro averaged)         NaN
AUROC (macro averaged)         NaN
Curve Data                     
Macro Curve Data               
Micro Curve Data               
Label indices                  [     0     1     2     3     4     5     6     7     8     9    10    11    12    13    14    15    16    17    18    19    20    21    22    23    24    25    26    27    28    29    30    31    32    33    34    35    36    37    38    39    40    41    42    43    44    45    46    47    48    49    50    51    52    53    54    55    56    57    58    59    60    61    62    63    64    65    66    67    68    69    70    71    72    73    74    75    76    77    78    79    80    81    82    83    84    85    86    87    88    89    90    91    92    93    94    95    96    97    98    99   100   101   102   103   104   105   106   107   108   109   110   111   112   113   114   115   116   117   118   119   120   121   122   123   124   125   126   127   128   129   130   131   132   133   134   135   136   137   138   139   140   141   142   143   144   145   146   147   148   149   150   151   152   153   154   155   156   157   158   159   160   161   162   163   164   165   166   167   168   169   170   171   172   173 ]
Accuracy (per label)           [ 0.935 0.486 0.495 0.991 0.953 0.617 0.841 0.636 0.570 0.813 0.533 0.850 0.654 0.822 0.467 0.888 0.561 0.953 0.953 0.607 0.645 0.748 0.804 0.467 0.570 0.907 0.570 0.860 0.439 0.944 0.972 0.607 0.841 0.533 0.869 0.514 0.766 0.991 0.991 0.953 0.458 1.000 0.991 0.991 1.000 0.925 0.991 0.972 0.981 0.991 0.953 0.981 1.000 0.916 0.916 0.981 1.000 0.963 0.907 0.776 0.925 1.000 0.944 0.757 0.897 0.430 0.972 0.907 0.935 0.505 0.514 0.935 0.533 0.495 0.748 0.757 0.981 0.981 0.925 0.673 0.991 0.776 0.944 0.953 0.860 0.981 0.804 0.981 0.963 0.907 0.991 0.458 0.813 0.860 0.570 0.579 0.972 0.598 0.907 0.551 1.000 0.505 0.888 0.598 0.907 0.449 0.963 0.598 0.841 0.916 1.000 0.533 0.579 0.654 0.533 0.916 0.617 0.542 0.794 0.981 0.813 0.570 0.897 0.935 0.963 0.916 0.981 0.991 0.981 1.000 0.925 0.963 0.991 0.953 0.860 0.972 0.972 1.000 0.860 0.981 0.991 0.907 0.972 1.000 1.000 0.981 0.981 0.701 0.794 0.953 0.607 0.991 0.991 0.972 0.991 1.000 0.991 0.869 0.963 1.000 1.000 0.869 0.981 0.822 0.972 0.991 0.897 0.860 1.000 0.991 0.879 1.000 0.963 0.981 ]
Empty labelvectors (predicted) 0    
Label cardinality (predicted)  22.131
Levenshtein distance           0.135


== Additional Measurements (averaged across folds)

Number of training instances   107
Number of test instances       107
Label cardinality (train set)  25.757
Label cardinality (test set)   25.738
Build Time                     0.428
Test Time                      0.056
Total Time                     0.484


Averaging: 0.36548337514343426