== Evaluation Info

Classifier                     Prepare_CC.Base_CC
Options                        [-S, 0, -W, weka.classifiers.trees.J48, --, -C, 0.25, -M, 2]
Additional Info                [153, 110, 46, 69, 25, 27, 93, 111, 159, 151, 145, 33, 171, 8, 19, 41, 61, 12, 152, 18, 122, 59, 62, 34, 14, 72, 1, 2, 0, 118, 150, 86, 74, 128, 99, 77, 124, 9, 43, 134, 127, 45, 49, 37, 63, 102, 114, 135, 67, 144, 75, 13, 146, 15, 91, 38, 109, 131, 64, 58, 7, 92, 28, 100, 16, 130, 90, 89, 157, 119, 50, 121, 82, 120, 149, 73, 3, 133, 42, 53, 117, 68, 11, 148, 17, 116, 166, 31, 57, 107, 113, 87, 95, 104, 126, 24, 167, 5, 47, 147, 39, 94, 105, 141, 29, 60, 112, 30, 142, 96, 108, 97, 70, 170, 84, 40, 103, 98, 169, 52, 115, 36, 101, 23, 51, 10, 106, 123, 163, 138, 65, 81, 4, 156, 79, 161, 71, 125, 21, 35, 140, 6, 20, 22, 26, 32, 44, 48, 54, 55, 56, 66, 76, 78, 80, 83, 85, 88, 129, 132, 136, 137, 139, 143, 154, 155, 158, 160, 162, 164, 165, 168, 172, 173]
Dataset                        CAL500
Number of labels (L)           174
Type                           ML-CV
Threshold                      0.5
Verbosity                      3


== Predictive Performance

Number of test instances (N)   
Accuracy                       0.298
Jaccard index                  0.298
Hamming score                  0.844
Exact match                    0    
Jaccard distance               0.702
Hamming loss                   0.156
ZeroOne loss                   1    
Harmonic score                 0.578
One error                      0.629
Rank loss                      0.325
Avg precision                  0.309
Log Loss (lim. L)              0.804
Log Loss (lim. D)              0.662
F1 (micro averaged)            0.458
F1 (macro averaged by example) 0.452
F1 (macro averaged by label)   0.132
AUPRC (macro averaged)         NaN
AUROC (macro averaged)         NaN
Curve Data                     
Macro Curve Data               
Micro Curve Data               
Label indices                  [     0     1     2     3     4     5     6     7     8     9    10    11    12    13    14    15    16    17    18    19    20    21    22    23    24    25    26    27    28    29    30    31    32    33    34    35    36    37    38    39    40    41    42    43    44    45    46    47    48    49    50    51    52    53    54    55    56    57    58    59    60    61    62    63    64    65    66    67    68    69    70    71    72    73    74    75    76    77    78    79    80    81    82    83    84    85    86    87    88    89    90    91    92    93    94    95    96    97    98    99   100   101   102   103   104   105   106   107   108   109   110   111   112   113   114   115   116   117   118   119   120   121   122   123   124   125   126   127   128   129   130   131   132   133   134   135   136   137   138   139   140   141   142   143   144   145   146   147   148   149   150   151   152   153   154   155   156   157   158   159   160   161   162   163   164   165   166   167   168   169   170   171   172   173 ]
Accuracy (per label)           [ 0.686 0.786 0.571 0.700 0.943 0.500 1.000 0.557 0.943 0.486 0.986 0.457 0.586 0.771 0.586 0.729 0.986 0.557 0.986 0.471 1.000 0.543 1.000 0.629 0.986 0.557 1.000 0.357 0.614 0.943 0.800 0.600 1.000 0.629 0.986 0.614 0.471 0.986 0.986 0.986 0.586 0.986 0.986 0.986 1.000 0.986 0.971 0.986 1.000 0.757 0.771 0.929 0.986 0.929 1.000 1.000 1.000 0.971 0.986 0.871 0.986 0.971 0.971 0.900 0.986 0.557 1.000 0.886 0.943 0.586 0.500 0.957 0.771 0.443 0.529 0.700 1.000 0.943 1.000 0.729 1.000 0.914 0.957 1.000 0.914 1.000 0.729 0.986 1.000 0.986 0.986 0.786 0.571 0.900 0.586 0.657 0.843 0.600 0.929 0.529 0.986 0.757 0.714 0.829 0.671 0.486 0.957 0.943 0.543 0.786 0.957 0.500 0.929 0.600 0.829 0.771 0.986 0.614 0.929 0.971 0.957 0.586 0.971 0.914 0.971 0.814 0.943 0.971 0.986 1.000 0.986 0.971 1.000 0.729 0.843 0.886 1.000 1.000 0.786 1.000 0.914 0.914 0.786 1.000 0.971 0.886 0.986 0.586 0.871 0.714 0.614 0.900 0.900 0.957 1.000 1.000 0.986 0.986 1.000 0.971 1.000 0.929 1.000 0.671 1.000 1.000 0.857 0.686 1.000 0.986 0.886 0.971 1.000 1.000 ]
Empty labelvectors (predicted) 0    
Label cardinality (predicted)  23.286
Levenshtein distance           0.136


== Additional Measurements (averaged across folds)

Number of training instances   70
Number of test instances       70
Label cardinality (train set)  26.714
Label cardinality (test set)   26.714
Build Time                     0.206
Test Time                      0.035
Total Time                     0.241


Averaging: 0.38067741815058764