== Evaluation Info

Classifier                     Prepare_CC.Base_CC
Options                        [-S, 0, -W, weka.classifiers.trees.J48, --, -C, 0.25, -M, 2]
Additional Info                [33, 121, 31, 4, 9, 79, 146, 90, 150, 92, 57, 7, 2, 65, 164, 138, 93, 113, 125, 105, 143, 103, 36, 39, 169, 97, 101, 73, 44, 128, 120, 165, 67, 30, 94, 35, 130, 134, 160, 76, 34, 137, 21, 24, 96, 72, 100, 25, 117, 112, 26, 20, 167, 124, 27, 45, 28, 59, 51, 82, 142, 119, 140, 166, 95, 63, 102, 127, 104, 141, 114, 157, 70, 152, 43, 149, 77, 54, 107, 15, 32, 56, 23, 1, 162, 87, 155, 75, 170, 19, 110, 13, 69, 48, 108, 74, 86, 131, 171, 135, 6, 85, 126, 37, 156, 158, 50, 139, 66, 148, 172, 22, 52, 58, 99, 81, 18, 16, 109, 153, 17, 161, 40, 106, 8, 42, 98, 64, 11, 168, 132, 71, 111, 80, 68, 173, 83, 5, 115, 53, 129, 29, 147, 62, 3, 78, 12, 60, 91, 0, 10, 14, 38, 41, 46, 47, 49, 55, 61, 84, 88, 89, 116, 118, 122, 123, 133, 136, 144, 145, 151, 154, 159, 163]
Dataset                        CAL500
Number of labels (L)           174
Type                           ML-CV
Threshold                      0.5
Verbosity                      3


== Predictive Performance

Number of test instances (N)   
Accuracy                       0.321
Jaccard index                  0.321
Hamming score                  0.85 
Exact match                    0    
Jaccard distance               0.679
Hamming loss                   0.15 
ZeroOne loss                   1    
Harmonic score                 0.606
One error                      0.08 
Rank loss                      0.295
Avg precision                  0.327
Log Loss (lim. L)              0.772
Log Loss (lim. D)              0.646
F1 (micro averaged)            0.484
F1 (macro averaged by example) 0.478
F1 (macro averaged by label)   0.14 
AUPRC (macro averaged)         NaN
AUROC (macro averaged)         NaN
Curve Data                     
Macro Curve Data               
Micro Curve Data               
Label indices                  [     0     1     2     3     4     5     6     7     8     9    10    11    12    13    14    15    16    17    18    19    20    21    22    23    24    25    26    27    28    29    30    31    32    33    34    35    36    37    38    39    40    41    42    43    44    45    46    47    48    49    50    51    52    53    54    55    56    57    58    59    60    61    62    63    64    65    66    67    68    69    70    71    72    73    74    75    76    77    78    79    80    81    82    83    84    85    86    87    88    89    90    91    92    93    94    95    96    97    98    99   100   101   102   103   104   105   106   107   108   109   110   111   112   113   114   115   116   117   118   119   120   121   122   123   124   125   126   127   128   129   130   131   132   133   134   135   136   137   138   139   140   141   142   143   144   145   146   147   148   149   150   151   152   153   154   155   156   157   158   159   160   161   162   163   164   165   166   167   168   169   170   171   172   173 ]
Accuracy (per label)           [ 1.000 0.933 0.973 0.467 0.973 0.640 0.573 0.987 0.880 0.573 1.000 0.533 0.547 0.920 1.000 0.693 0.933 0.533 0.653 0.947 0.947 0.493 0.533 0.747 0.573 0.960 0.813 0.547 0.840 0.573 0.560 0.840 0.573 0.973 0.480 0.800 0.733 0.947 1.000 0.987 0.840 1.000 0.920 0.987 0.947 0.987 1.000 1.000 0.987 1.000 0.987 0.987 0.760 0.773 0.893 1.000 0.960 0.853 0.787 0.933 0.747 1.000 0.880 0.827 0.893 0.867 0.947 0.667 0.960 0.533 0.733 0.987 0.467 0.773 0.973 0.573 0.973 0.973 0.973 0.533 0.987 0.587 0.987 0.947 1.000 0.880 0.933 0.947 1.000 1.000 0.907 0.720 0.720 0.987 0.547 0.987 0.613 0.987 0.587 0.987 0.573 0.493 0.827 0.693 0.560 0.520 0.960 0.773 0.587 0.760 0.987 0.813 0.480 0.813 0.880 0.827 1.000 0.587 1.000 0.933 0.960 0.733 1.000 1.000 0.600 0.880 0.973 0.853 0.827 0.920 0.893 0.987 0.960 1.000 0.947 0.960 1.000 0.973 0.493 0.973 0.987 0.947 0.907 0.987 1.000 1.000 0.987 0.907 0.733 0.813 0.947 1.000 0.987 0.800 1.000 0.973 0.920 0.987 0.960 1.000 0.987 0.907 0.933 1.000 0.960 0.920 0.973 0.973 0.973 0.987 0.800 0.880 0.960 0.987 ]
Empty labelvectors (predicted) 0    
Label cardinality (predicted)  23.973
Levenshtein distance           0.131


== Additional Measurements (averaged across folds)

Number of training instances   75
Number of test instances       75
Label cardinality (train set)  26.507
Label cardinality (test set)   26.511
Build Time                     0.225
Test Time                      0.037
Total Time                     0.262


Averaging: 0.39036887081320865