== Evaluation Info

Classifier                     Prepare_CC.Base_CC
Options                        [-S, 0, -W, weka.classifiers.trees.J48, --, -C, 0.25, -M, 2]
Additional Info                [106, 64, 93, 138, 134, 24, 150, 147, 141, 58, 142, 99, 45, 17, 157, 109, 23, 79, 12, 49, 10, 57, 9, 167, 159, 95, 170, 146, 114, 148, 1, 53, 78, 40, 4, 22, 25, 71, 88, 59, 119, 21, 165, 172, 161, 169, 18, 67, 60, 29, 66, 7, 74, 80, 2, 125, 101, 139, 75, 87, 19, 144, 133, 26, 97, 62, 108, 36, 113, 6, 54, 48, 118, 16, 117, 121, 91, 96, 102, 84, 65, 14, 35, 77, 73, 162, 85, 5, 81, 13, 123, 70, 33, 63, 158, 39, 166, 127, 112, 28, 89, 8, 131, 11, 83, 76, 163, 72, 136, 32, 42, 94, 173, 135, 164, 55, 98, 103, 122, 47, 111, 107, 153, 120, 130, 69, 86, 105, 128, 116, 31, 34, 15, 20, 61, 151, 50, 0, 3, 27, 30, 37, 38, 41, 43, 44, 46, 51, 52, 56, 68, 82, 90, 92, 100, 104, 110, 115, 124, 126, 129, 132, 137, 140, 143, 145, 149, 152, 154, 155, 156, 160, 168, 171]
Dataset                        CAL500
Number of labels (L)           174
Type                           ML-CV
Threshold                      0.5
Verbosity                      3


== Predictive Performance

Number of test instances (N)   
Accuracy                       0.343
Jaccard index                  0.343
Hamming score                  0.847
Exact match                    0    
Jaccard distance               0.657
Hamming loss                   0.153
ZeroOne loss                   1    
Harmonic score                 0.636
One error                      0.323
Rank loss                      0.289
Avg precision                  0.349
Log Loss (lim. L)              0.791
Log Loss (lim. D)              0.633
F1 (micro averaged)            0.506
F1 (macro averaged by example) 0.502
F1 (macro averaged by label)   0.151
AUPRC (macro averaged)         NaN
AUROC (macro averaged)         NaN
Curve Data                     
Macro Curve Data               
Micro Curve Data               
Label indices                  [     0     1     2     3     4     5     6     7     8     9    10    11    12    13    14    15    16    17    18    19    20    21    22    23    24    25    26    27    28    29    30    31    32    33    34    35    36    37    38    39    40    41    42    43    44    45    46    47    48    49    50    51    52    53    54    55    56    57    58    59    60    61    62    63    64    65    66    67    68    69    70    71    72    73    74    75    76    77    78    79    80    81    82    83    84    85    86    87    88    89    90    91    92    93    94    95    96    97    98    99   100   101   102   103   104   105   106   107   108   109   110   111   112   113   114   115   116   117   118   119   120   121   122   123   124   125   126   127   128   129   130   131   132   133   134   135   136   137   138   139   140   141   142   143   144   145   146   147   148   149   150   151   152   153   154   155   156   157   158   159   160   161   162   163   164   165   166   167   168   169   170   171   172   173 ]
Accuracy (per label)           [ 1.000 0.597 0.597 1.000 0.968 0.645 0.903 0.468 0.371 0.855 0.548 0.984 0.597 0.774 0.484 0.968 0.710 0.968 0.919 0.419 0.484 0.903 0.871 0.500 0.581 0.887 0.565 1.000 0.452 0.984 1.000 0.871 0.855 0.484 0.871 0.468 0.806 1.000 1.000 0.952 0.468 1.000 0.984 1.000 1.000 0.968 1.000 0.935 0.984 0.984 0.984 1.000 1.000 0.935 0.806 0.968 1.000 0.968 0.984 0.903 0.984 0.968 0.968 0.677 0.710 0.548 0.903 0.968 1.000 0.468 0.500 0.887 0.613 0.565 0.855 0.790 0.984 0.984 0.919 0.726 0.984 0.790 1.000 0.887 0.935 0.984 0.629 0.968 0.919 0.871 1.000 0.645 1.000 0.855 0.645 0.565 0.984 0.548 0.871 0.661 1.000 0.597 0.984 0.710 1.000 0.484 0.903 0.565 0.968 0.823 1.000 0.532 0.645 0.613 0.581 1.000 0.758 0.645 0.694 0.984 0.758 0.532 0.887 0.790 1.000 0.903 1.000 0.984 0.984 1.000 0.984 0.952 1.000 0.984 0.952 0.887 0.887 1.000 0.887 0.903 1.000 0.758 0.919 1.000 0.968 1.000 0.984 0.629 0.806 1.000 0.613 0.984 1.000 0.952 1.000 1.000 1.000 0.935 0.984 0.968 1.000 0.839 0.968 0.823 0.903 0.984 0.952 0.919 1.000 0.984 0.871 1.000 0.903 0.968 ]
Empty labelvectors (predicted) 0    
Label cardinality (predicted)  26.435
Levenshtein distance           0.132


== Additional Measurements (averaged across folds)

Number of training instances   62
Number of test instances       62
Label cardinality (train set)  27.613
Label cardinality (test set)   27.636
Build Time                     0.17 
Test Time                      0.028
Total Time                     0.197


Averaging: 0.396548094004651