== Evaluation Info

Classifier                     Prepare_CC.Base_CC
Options                        [-S, 0, -W, weka.classifiers.trees.J48, --, -C, 0.25, -M, 2]
Additional Info                [129, 84, 146, 34, 111, 9, 166, 78, 30, 93, 97, 118, 44, 120, 121, 73, 3, 24, 112, 27, 43, 22, 139, 62, 157, 115, 82, 71, 48, 104, 29, 95, 88, 167, 45, 127, 125, 153, 135, 122, 4, 140, 19, 39, 116, 81, 86, 98, 105, 2, 154, 25, 8, 40, 145, 65, 20, 16, 77, 57, 100, 54, 64, 31, 89, 158, 103, 162, 172, 138, 36, 32, 59, 134, 170, 94, 63, 6, 17, 96, 132, 161, 108, 163, 72, 150, 13, 37, 14, 69, 11, 74, 68, 35, 33, 101, 41, 1, 124, 159, 67, 164, 107, 102, 56, 123, 15, 169, 90, 76, 23, 50, 92, 144, 156, 141, 106, 7, 143, 149, 87, 28, 66, 38, 130, 109, 75, 0, 42, 47, 61, 117, 18, 80, 10, 26, 5, 52, 148, 21, 128, 49, 114, 155, 58, 137, 147, 83, 85, 53, 113, 99, 91, 165, 160, 79, 60, 70, 126, 12, 46, 51, 55, 110, 119, 131, 133, 136, 142, 151, 152, 168, 171, 173]
Dataset                        CAL500
Number of labels (L)           174
Type                           ML-CV
Threshold                      0.5
Verbosity                      3


== Predictive Performance

Number of test instances (N)   
Accuracy                       0.21 
Jaccard index                  0.21 
Hamming score                  0.836
Exact match                    0    
Jaccard distance               0.79 
Hamming loss                   0.164
ZeroOne loss                   1    
Harmonic score                 0.457
One error                      0.407
Rank loss                      0.369
Avg precision                  0.229
Log Loss (lim. L)              0.845
Log Loss (lim. D)              0.729
F1 (micro averaged)            0.338
F1 (macro averaged by example) 0.34 
F1 (macro averaged by label)   0.12 
AUPRC (macro averaged)         NaN
AUROC (macro averaged)         NaN
Curve Data                     
Macro Curve Data               
Micro Curve Data               
Label indices                  [     0     1     2     3     4     5     6     7     8     9    10    11    12    13    14    15    16    17    18    19    20    21    22    23    24    25    26    27    28    29    30    31    32    33    34    35    36    37    38    39    40    41    42    43    44    45    46    47    48    49    50    51    52    53    54    55    56    57    58    59    60    61    62    63    64    65    66    67    68    69    70    71    72    73    74    75    76    77    78    79    80    81    82    83    84    85    86    87    88    89    90    91    92    93    94    95    96    97    98    99   100   101   102   103   104   105   106   107   108   109   110   111   112   113   114   115   116   117   118   119   120   121   122   123   124   125   126   127   128   129   130   131   132   133   134   135   136   137   138   139   140   141   142   143   144   145   146   147   148   149   150   151   152   153   154   155   156   157   158   159   160   161   162   163   164   165   166   167   168   169   170   171   172   173 ]
Accuracy (per label)           [ 0.965 0.570 0.814 0.663 0.942 0.547 0.570 0.802 0.721 0.512 0.756 0.512 0.558 0.767 0.942 0.395 0.744 0.616 0.570 0.814 0.779 0.547 0.686 0.628 0.535 0.895 0.791 0.686 0.802 0.826 0.756 0.547 0.628 0.744 0.756 0.686 0.663 0.977 0.988 0.977 0.721 0.988 0.965 0.942 0.988 0.977 1.000 0.988 0.965 0.988 0.977 1.000 0.942 0.826 0.919 1.000 0.988 0.965 0.837 0.837 0.907 0.930 0.884 0.791 0.907 0.640 0.965 0.814 0.884 0.651 0.616 0.884 0.547 0.570 0.767 0.756 0.988 0.977 0.872 0.605 0.977 0.709 0.895 0.953 0.872 0.930 0.744 0.907 0.919 0.919 0.977 0.651 0.733 0.872 0.558 0.721 0.593 0.779 0.640 0.663 0.628 0.721 0.721 0.628 0.849 0.523 0.988 0.837 0.628 0.884 1.000 0.488 0.500 0.581 0.779 0.884 0.884 0.488 0.907 1.000 0.826 0.663 0.977 0.965 0.744 0.953 0.977 0.919 0.953 0.988 0.930 1.000 0.988 1.000 0.919 0.988 1.000 0.977 0.837 0.965 0.988 0.965 1.000 0.988 0.988 0.988 0.953 0.919 0.884 0.884 0.849 1.000 1.000 0.942 0.988 0.988 0.988 0.860 0.988 0.988 0.953 0.919 0.988 0.919 0.977 0.988 0.919 0.907 1.000 0.988 0.872 1.000 0.988 1.000 ]
Empty labelvectors (predicted) 0    
Label cardinality (predicted)  19.244
Levenshtein distance           0.132


== Additional Measurements (averaged across folds)

Number of training instances   86
Number of test instances       86
Label cardinality (train set)  23.803
Label cardinality (test set)   23.825
Build Time                     0.282
Test Time                      0.047
Total Time                     0.329


Averaging: 0.3488985858143701