== Evaluation Info

Classifier                     Prepare_CC.Base_CC
Options                        [-S, 0, -W, weka.classifiers.trees.J48, --, -C, 0.25, -M, 2]
Additional Info                [18, 2, 138, 131, 152, 130, 162, 170, 12, 106, 126, 132, 54, 90, 114, 36, 56, 82, 103, 64, 73, 53, 92, 108, 167, 10, 39, 155, 118, 93, 156, 25, 8, 5, 125, 65, 160, 71, 121, 42, 19, 52, 97, 100, 158, 137, 89, 31, 145, 105, 32, 26, 63, 46, 61, 16, 116, 171, 127, 48, 88, 135, 86, 142, 59, 173, 149, 80, 47, 96, 79, 51, 62, 164, 150, 50, 169, 115, 60, 84, 3, 6, 94, 109, 154, 146, 161, 75, 147, 133, 102, 87, 153, 111, 91, 69, 119, 148, 99, 101, 159, 21, 23, 58, 49, 95, 24, 11, 28, 7, 139, 22, 123, 83, 34, 15, 40, 33, 112, 124, 44, 166, 38, 128, 14, 110, 140, 168, 120, 129, 78, 29, 70, 13, 113, 72, 81, 134, 20, 74, 136, 30, 57, 163, 66, 35, 55, 67, 122, 43, 45, 76, 85, 157, 17, 41, 98, 144, 104, 0, 117, 27, 9, 68, 1, 141, 107, 4, 37, 77, 143, 151, 165, 172]
Dataset                        CAL500
Number of labels (L)           174
Type                           ML-CV
Threshold                      0.5
Verbosity                      3


== Predictive Performance

Number of test instances (N)   
Accuracy                       0.257
Jaccard index                  0.257
Hamming score                  0.832
Exact match                    0    
Jaccard distance               0.743
Hamming loss                   0.168
ZeroOne loss                   1    
Harmonic score                 0.532
One error                      0.247
Rank loss                      0.343
Avg precision                  0.27 
Log Loss (lim. L)              0.868
Log Loss (lim. D)              0.77 
F1 (micro averaged)            0.406
F1 (macro averaged by example) 0.402
F1 (macro averaged by label)   0.131
AUPRC (macro averaged)         NaN
AUROC (macro averaged)         NaN
Curve Data                     
Macro Curve Data               
Micro Curve Data               
Label indices                  [     0     1     2     3     4     5     6     7     8     9    10    11    12    13    14    15    16    17    18    19    20    21    22    23    24    25    26    27    28    29    30    31    32    33    34    35    36    37    38    39    40    41    42    43    44    45    46    47    48    49    50    51    52    53    54    55    56    57    58    59    60    61    62    63    64    65    66    67    68    69    70    71    72    73    74    75    76    77    78    79    80    81    82    83    84    85    86    87    88    89    90    91    92    93    94    95    96    97    98    99   100   101   102   103   104   105   106   107   108   109   110   111   112   113   114   115   116   117   118   119   120   121   122   123   124   125   126   127   128   129   130   131   132   133   134   135   136   137   138   139   140   141   142   143   144   145   146   147   148   149   150   151   152   153   154   155   156   157   158   159   160   161   162   163   164   165   166   167   168   169   170   171   172   173 ]
Accuracy (per label)           [ 0.969 0.691 0.577 0.866 1.000 0.588 0.588 0.670 0.515 0.845 0.536 0.918 0.515 0.835 0.557 0.804 0.495 0.979 0.660 0.701 0.649 0.784 0.701 0.619 0.392 0.948 0.557 0.918 0.474 0.897 0.969 0.577 0.763 0.505 0.660 0.660 0.722 1.000 0.979 0.990 0.773 0.979 0.897 0.928 0.979 0.928 0.948 0.928 0.979 0.948 0.907 0.969 0.969 0.814 0.845 0.969 0.990 0.918 0.959 0.979 0.979 0.979 0.835 0.629 0.835 0.701 0.948 0.918 0.959 0.495 0.505 0.907 0.608 0.608 0.897 0.711 0.938 1.000 0.918 0.577 0.990 0.825 0.979 0.835 0.969 0.938 0.691 0.990 0.979 0.845 0.990 0.557 0.948 0.887 0.680 0.629 0.856 0.619 0.876 0.515 0.938 0.495 0.969 0.423 0.979 0.526 0.990 0.485 0.938 0.856 0.990 0.526 0.660 0.546 0.701 0.918 0.608 0.629 0.711 0.907 0.825 0.495 0.959 0.887 0.918 0.835 0.928 0.959 0.918 0.990 0.825 0.990 0.990 0.948 0.918 0.969 0.907 0.948 0.649 0.948 0.990 0.825 0.948 1.000 0.979 0.990 0.979 0.660 0.804 0.907 0.856 1.000 0.959 0.918 0.948 0.959 0.979 0.990 0.990 0.979 0.907 0.938 0.876 0.979 0.959 1.000 0.948 0.887 0.959 0.990 0.866 0.969 1.000 0.959 ]
Empty labelvectors (predicted) 0    
Label cardinality (predicted)  23.021
Levenshtein distance           0.14 


== Additional Measurements (averaged across folds)

Number of training instances   97
Number of test instances       97
Label cardinality (train set)  26.278
Label cardinality (test set)   26.28
Build Time                     0.413
Test Time                      0.05 
Total Time                     0.463


Averaging: 0.3627981978761214