== Evaluation Info

Classifier                     Prepare_CC.Base_CC
Options                        [-S, 0, -W, weka.classifiers.trees.J48, --, -C, 0.25, -M, 2]
Additional Info                [82, 110, 133, 0, 91, 160, 11, 38, 142, 29, 43, 106, 159, 54, 155, 26, 80, 2, 85, 166, 102, 121, 17, 30, 59, 96, 23, 94, 114, 125, 63, 67, 68, 139, 167, 95, 64, 97, 27, 34, 50, 35, 173, 144, 104, 65, 21, 113, 33, 120, 45, 138, 7, 99, 42, 22, 44, 151, 147, 16, 70, 10, 108, 76, 36, 15, 9, 87, 31, 128, 40, 53, 124, 146, 72, 168, 51, 90, 69, 52, 81, 140, 118, 61, 136, 134, 111, 98, 1, 56, 60, 145, 88, 141, 49, 163, 137, 74, 119, 5, 14, 48, 101, 130, 66, 32, 103, 157, 46, 20, 79, 170, 28, 109, 58, 131, 127, 150, 122, 24, 86, 25, 12, 75, 107, 41, 123, 161, 6, 116, 57, 13, 153, 18, 117, 152, 83, 112, 171, 89, 92, 149, 93, 71, 78, 73, 62, 55, 105, 135, 115, 164, 148, 19, 47, 156, 126, 8, 162, 3, 4, 37, 39, 77, 84, 100, 129, 132, 143, 154, 158, 165, 169, 172]
Dataset                        CAL500
Number of labels (L)           174
Type                           ML-CV
Threshold                      0.5
Verbosity                      3


== Predictive Performance

Number of test instances (N)   
Accuracy                       0.258
Jaccard index                  0.258
Hamming score                  0.834
Exact match                    0    
Jaccard distance               0.742
Hamming loss                   0.166
ZeroOne loss                   1    
Harmonic score                 0.527
One error                      0.441
Rank loss                      0.333
Avg precision                  0.272
Log Loss (lim. L)              0.855
Log Loss (lim. D)              0.699
F1 (micro averaged)            0.405
F1 (macro averaged by example) 0.403
F1 (macro averaged by label)   0.124
AUPRC (macro averaged)         NaN
AUROC (macro averaged)         NaN
Curve Data                     
Macro Curve Data               
Micro Curve Data               
Label indices                  [     0     1     2     3     4     5     6     7     8     9    10    11    12    13    14    15    16    17    18    19    20    21    22    23    24    25    26    27    28    29    30    31    32    33    34    35    36    37    38    39    40    41    42    43    44    45    46    47    48    49    50    51    52    53    54    55    56    57    58    59    60    61    62    63    64    65    66    67    68    69    70    71    72    73    74    75    76    77    78    79    80    81    82    83    84    85    86    87    88    89    90    91    92    93    94    95    96    97    98    99   100   101   102   103   104   105   106   107   108   109   110   111   112   113   114   115   116   117   118   119   120   121   122   123   124   125   126   127   128   129   130   131   132   133   134   135   136   137   138   139   140   141   142   143   144   145   146   147   148   149   150   151   152   153   154   155   156   157   158   159   160   161   162   163   164   165   166   167   168   169   170   171   172   173 ]
Accuracy (per label)           [ 0.912 0.544 0.471 1.000 1.000 0.368 0.838 0.529 0.574 0.809 0.529 0.882 0.676 0.750 0.412 0.956 0.529 0.897 0.868 0.382 0.676 0.676 0.809 0.412 0.618 0.941 0.647 0.853 0.515 0.912 0.971 0.691 0.971 0.515 0.838 0.412 0.706 1.000 0.971 1.000 0.647 0.985 0.985 0.941 0.971 0.853 0.941 0.956 0.941 0.912 0.824 0.971 0.956 0.926 0.897 0.956 0.985 0.882 0.956 0.985 0.985 0.985 0.853 0.515 0.971 0.529 0.926 0.941 0.985 0.618 0.456 0.926 0.515 0.544 0.809 0.721 0.897 1.000 0.941 0.632 0.985 0.750 0.971 0.882 1.000 0.956 0.676 0.985 0.971 0.897 0.985 0.397 0.956 0.750 0.721 0.559 0.956 0.574 0.971 0.691 1.000 0.529 0.985 0.515 0.971 0.515 0.985 0.559 0.897 0.838 0.971 0.574 0.618 0.500 0.765 0.941 0.588 0.632 0.721 0.941 0.912 0.529 0.941 0.838 0.971 0.824 0.971 0.985 0.956 1.000 0.926 0.971 1.000 0.809 0.971 0.985 0.941 0.971 0.824 0.971 0.971 0.868 0.794 1.000 0.985 0.956 0.941 0.662 0.956 0.941 0.912 0.985 0.926 0.971 1.000 0.956 0.985 0.985 1.000 0.985 0.926 0.897 0.985 0.956 0.912 1.000 0.882 0.853 0.912 1.000 0.882 0.971 1.000 0.956 ]
Empty labelvectors (predicted) 0    
Label cardinality (predicted)  22.235
Levenshtein distance           0.14 


== Additional Measurements (averaged across folds)

Number of training instances   68
Number of test instances       68
Label cardinality (train set)  26.249
Label cardinality (test set)   26.195
Build Time                     0.236
Test Time                      0.034
Total Time                     0.27 


Averaging: 0.36394432403320104