== Evaluation Info

Classifier                     Prepare_CC.Base_CC
Options                        [-S, 0, -W, weka.classifiers.trees.J48, --, -C, 0.25, -M, 2]
Additional Info                [22, 74, 32, 20, 150, 18, 111, 97, 112, 6, 91, 71, 85, 140, 67, 123, 56, 95, 159, 68, 42, 130, 40, 148, 33, 23, 125, 102, 152, 93, 75, 82, 137, 3, 138, 94, 131, 49, 11, 16, 134, 144, 58, 162, 104, 103, 70, 65, 53, 17, 59, 109, 120, 135, 151, 21, 98, 96, 13, 168, 141, 133, 163, 26, 113, 161, 10, 72, 41, 28, 132, 15, 4, 62, 60, 63, 146, 86, 92, 114, 107, 116, 115, 12, 153, 100, 61, 126, 81, 29, 108, 5, 127, 124, 36, 79, 30, 0, 99, 157, 1, 136, 19, 166, 105, 121, 38, 14, 34, 69, 129, 101, 35, 83, 170, 45, 119, 165, 118, 52, 122, 24, 147, 145, 31, 25, 8, 7, 50, 84, 27, 73, 54, 44, 164, 9, 64, 172, 143, 66, 149, 117, 142, 171, 156, 2, 37, 39, 43, 46, 47, 48, 51, 55, 57, 76, 77, 78, 80, 87, 88, 89, 90, 106, 110, 128, 139, 154, 155, 158, 160, 167, 169, 173]
Dataset                        CAL500
Number of labels (L)           174
Type                           ML-CV
Threshold                      0.5
Verbosity                      3


== Predictive Performance

Number of test instances (N)   
Accuracy                       0.226
Jaccard index                  0.226
Hamming score                  0.816
Exact match                    0    
Jaccard distance               0.774
Hamming loss                   0.184
ZeroOne loss                   1    
Harmonic score                 0.49 
One error                      0.472
Rank loss                      0.38 
Avg precision                  0.247
Log Loss (lim. L)              0.948
Log Loss (lim. D)              0.73 
F1 (micro averaged)            0.363
F1 (macro averaged by example) 0.357
F1 (macro averaged by label)   0.14 
AUPRC (macro averaged)         NaN
AUROC (macro averaged)         NaN
Curve Data                     
Macro Curve Data               
Micro Curve Data               
Label indices                  [     0     1     2     3     4     5     6     7     8     9    10    11    12    13    14    15    16    17    18    19    20    21    22    23    24    25    26    27    28    29    30    31    32    33    34    35    36    37    38    39    40    41    42    43    44    45    46    47    48    49    50    51    52    53    54    55    56    57    58    59    60    61    62    63    64    65    66    67    68    69    70    71    72    73    74    75    76    77    78    79    80    81    82    83    84    85    86    87    88    89    90    91    92    93    94    95    96    97    98    99   100   101   102   103   104   105   106   107   108   109   110   111   112   113   114   115   116   117   118   119   120   121   122   123   124   125   126   127   128   129   130   131   132   133   134   135   136   137   138   139   140   141   142   143   144   145   146   147   148   149   150   151   152   153   154   155   156   157   158   159   160   161   162   163   164   165   166   167   168   169   170   171   172   173 ]
Accuracy (per label)           [ 0.736 0.566 0.547 0.887 0.925 0.509 0.774 0.472 0.774 0.509 0.660 0.415 0.717 0.642 0.585 0.736 0.623 0.811 0.811 0.642 0.660 0.623 0.925 0.472 0.547 0.717 0.698 0.566 0.547 0.698 0.887 0.566 0.830 0.491 0.925 0.453 0.849 1.000 0.906 1.000 0.792 0.981 0.981 1.000 0.981 0.774 1.000 1.000 1.000 0.962 0.981 1.000 0.943 0.887 0.962 1.000 0.906 1.000 0.906 0.623 0.981 0.830 0.981 0.717 0.981 0.849 0.981 0.868 0.811 0.566 0.755 0.491 0.547 0.774 0.981 0.887 1.000 1.000 1.000 0.528 1.000 0.811 0.774 0.962 0.774 0.962 0.566 1.000 1.000 1.000 1.000 0.340 0.736 0.925 0.623 0.585 0.623 0.358 0.792 0.604 0.868 0.604 0.830 0.623 0.585 0.566 1.000 0.736 0.642 0.906 1.000 0.434 0.491 0.453 0.698 0.906 0.566 0.585 0.623 0.943 0.868 0.679 0.849 0.830 0.868 0.943 0.925 0.981 1.000 0.981 0.925 0.981 0.981 0.868 0.660 0.830 0.925 0.981 0.906 1.000 0.868 0.830 0.887 0.962 0.792 0.981 0.887 0.774 0.868 0.981 0.981 0.962 0.981 0.906 1.000 1.000 0.981 0.736 1.000 0.811 1.000 0.887 0.981 0.906 0.981 0.962 0.962 1.000 0.981 1.000 0.925 0.962 0.906 1.000 ]
Empty labelvectors (predicted) 0    
Label cardinality (predicted)  24.226
Levenshtein distance           0.145


== Additional Measurements (averaged across folds)

Number of training instances   53
Number of test instances       53
Label cardinality (train set)  25.98
Label cardinality (test set)   25.917
Build Time                     0.136
Test Time                      0.025
Total Time                     0.161


Averaging: 0.3473042128945292