== Evaluation Info

Classifier                     Prepare_CC.Base_CC
Options                        [-S, 0, -W, weka.classifiers.trees.J48, --, -C, 0.25, -M, 2]
Additional Info                [126, 65, 98, 66, 37, 58, 26, 4, 43, 33, 63, 64, 144, 14, 68, 84, 155, 29, 83, 172, 92, 139, 117, 166, 57, 147, 70, 81, 72, 59, 157, 153, 129, 0, 140, 109, 7, 123, 47, 112, 102, 115, 106, 31, 142, 161, 25, 124, 148, 5, 2, 16, 130, 54, 141, 154, 121, 87, 158, 6, 132, 100, 17, 28, 48, 73, 74, 165, 107, 49, 89, 104, 116, 108, 67, 12, 71, 156, 96, 111, 39, 9, 52, 19, 138, 38, 125, 50, 122, 91, 60, 13, 21, 8, 99, 77, 45, 146, 61, 27, 105, 101, 137, 22, 11, 86, 76, 170, 46, 88, 53, 128, 85, 18, 42, 94, 160, 145, 150, 95, 15, 32, 69, 35, 79, 24, 40, 36, 93, 30, 163, 56, 62, 103, 78, 134, 159, 23, 75, 80, 164, 167, 1, 149, 44, 113, 135, 20, 82, 114, 127, 3, 143, 55, 10, 120, 162, 34, 97, 118, 169, 41, 51, 90, 110, 119, 131, 133, 136, 151, 152, 168, 171, 173]
Dataset                        CAL500
Number of labels (L)           174
Type                           ML-CV
Threshold                      0.5
Verbosity                      3


== Predictive Performance

Number of test instances (N)   
Accuracy                       0.2  
Jaccard index                  0.2  
Hamming score                  0.827
Exact match                    0    
Jaccard distance               0.8  
Hamming loss                   0.173
ZeroOne loss                   1    
Harmonic score                 0.445
One error                      0.391
Rank loss                      0.372
Avg precision                  0.223
Log Loss (lim. L)              0.893
Log Loss (lim. D)              0.773
F1 (micro averaged)            0.325
F1 (macro averaged by example) 0.328
F1 (macro averaged by label)   0.117
AUPRC (macro averaged)         NaN
AUROC (macro averaged)         NaN
Curve Data                     
Macro Curve Data               
Micro Curve Data               
Label indices                  [     0     1     2     3     4     5     6     7     8     9    10    11    12    13    14    15    16    17    18    19    20    21    22    23    24    25    26    27    28    29    30    31    32    33    34    35    36    37    38    39    40    41    42    43    44    45    46    47    48    49    50    51    52    53    54    55    56    57    58    59    60    61    62    63    64    65    66    67    68    69    70    71    72    73    74    75    76    77    78    79    80    81    82    83    84    85    86    87    88    89    90    91    92    93    94    95    96    97    98    99   100   101   102   103   104   105   106   107   108   109   110   111   112   113   114   115   116   117   118   119   120   121   122   123   124   125   126   127   128   129   130   131   132   133   134   135   136   137   138   139   140   141   142   143   144   145   146   147   148   149   150   151   152   153   154   155   156   157   158   159   160   161   162   163   164   165   166   167   168   169   170   171   172   173 ]
Accuracy (per label)           [ 0.977 0.540 0.759 0.713 0.931 0.667 0.621 0.724 0.586 0.517 0.701 0.586 0.448 0.747 0.897 0.517 0.644 0.736 0.598 0.770 0.678 0.494 0.563 0.586 0.448 0.862 0.563 0.793 0.701 0.747 0.851 0.563 0.598 0.690 0.632 0.563 0.667 0.989 0.989 0.966 0.690 0.977 0.966 0.943 0.989 0.989 0.989 0.989 0.908 0.977 0.977 1.000 0.931 0.759 0.828 0.989 0.989 0.966 0.839 0.828 0.966 0.954 0.897 0.713 0.782 0.609 0.943 0.805 0.885 0.621 0.598 0.862 0.609 0.609 0.759 0.701 0.989 0.966 0.885 0.552 0.966 0.736 0.885 0.920 0.874 0.897 0.759 0.954 0.931 0.885 1.000 0.563 0.724 0.943 0.425 0.793 0.632 0.805 0.701 0.655 0.782 0.598 0.724 0.483 0.931 0.540 0.989 0.816 0.690 0.885 1.000 0.621 0.529 0.644 0.736 0.920 0.931 0.471 0.874 1.000 0.851 0.471 0.977 0.966 0.736 0.954 0.966 0.966 0.954 0.989 0.920 1.000 0.989 1.000 0.897 0.977 1.000 0.977 0.713 0.908 0.989 0.920 0.977 0.977 0.989 0.989 0.977 0.920 0.897 0.862 0.920 1.000 1.000 0.943 0.989 0.989 0.989 0.839 0.989 0.989 0.954 0.954 0.931 0.885 0.989 0.989 0.954 0.920 1.000 0.989 0.943 1.000 0.977 1.000 ]
Empty labelvectors (predicted) 0    
Label cardinality (predicted)  19.954
Levenshtein distance           0.136


== Additional Measurements (averaged across folds)

Number of training instances   87
Number of test instances       87
Label cardinality (train set)  24.701
Label cardinality (test set)   24.678
Build Time                     0.319
Test Time                      0.044
Total Time                     0.362


Averaging: 0.34226811698769527