== Evaluation Info

Classifier                     Prepare_CC.Base_CC
Options                        [-S, 0, -W, weka.classifiers.trees.J48, --, -C, 0.25, -M, 2]
Additional Info                [11, 24, 87, 120, 102, 35, 149, 16, 170, 153, 103, 173, 114, 36, 30, 111, 88, 38, 147, 3, 161, 158, 6, 136, 32, 125, 159, 96, 10, 106, 91, 167, 123, 76, 93, 5, 74, 69, 51, 133, 134, 2, 1, 104, 65, 122, 45, 109, 116, 128, 156, 68, 89, 151, 75, 71, 31, 140, 117, 12, 81, 13, 124, 94, 139, 4, 118, 98, 58, 92, 142, 90, 108, 119, 164, 105, 169, 99, 67, 115, 18, 9, 21, 22, 79, 20, 54, 146, 82, 37, 84, 163, 107, 86, 101, 80, 50, 40, 157, 131, 64, 97, 145, 110, 57, 113, 39, 7, 162, 27, 29, 59, 25, 73, 72, 47, 121, 152, 62, 95, 63, 126, 135, 19, 60, 141, 77, 28, 46, 61, 23, 8, 112, 15, 26, 78, 150, 55, 33, 148, 144, 49, 165, 70, 127, 14, 0, 130, 166, 17, 66, 138, 53, 34, 41, 42, 43, 44, 48, 52, 56, 83, 85, 100, 129, 132, 137, 143, 154, 155, 160, 168, 171, 172]
Dataset                        CAL500
Number of labels (L)           174
Type                           ML-CV
Threshold                      0.5
Verbosity                      3


== Predictive Performance

Number of test instances (N)   
Accuracy                       0.279
Jaccard index                  0.279
Hamming score                  0.842
Exact match                    0    
Jaccard distance               0.721
Hamming loss                   0.158
ZeroOne loss                   1    
Harmonic score                 0.551
One error                      0.575
Rank loss                      0.332
Avg precision                  0.291
Log Loss (lim. L)              0.817
Log Loss (lim. D)              0.739
F1 (micro averaged)            0.432
F1 (macro averaged by example) 0.426
F1 (macro averaged by label)   0.138
AUPRC (macro averaged)         NaN
AUROC (macro averaged)         NaN
Curve Data                     
Macro Curve Data               
Micro Curve Data               
Label indices                  [     0     1     2     3     4     5     6     7     8     9    10    11    12    13    14    15    16    17    18    19    20    21    22    23    24    25    26    27    28    29    30    31    32    33    34    35    36    37    38    39    40    41    42    43    44    45    46    47    48    49    50    51    52    53    54    55    56    57    58    59    60    61    62    63    64    65    66    67    68    69    70    71    72    73    74    75    76    77    78    79    80    81    82    83    84    85    86    87    88    89    90    91    92    93    94    95    96    97    98    99   100   101   102   103   104   105   106   107   108   109   110   111   112   113   114   115   116   117   118   119   120   121   122   123   124   125   126   127   128   129   130   131   132   133   134   135   136   137   138   139   140   141   142   143   144   145   146   147   148   149   150   151   152   153   154   155   156   157   158   159   160   161   162   163   164   165   166   167   168   169   170   171   172   173 ]
Accuracy (per label)           [ 0.877 0.509 0.472 0.962 0.906 0.472 0.972 0.425 0.604 0.698 0.642 0.660 0.623 0.726 0.519 0.906 0.660 0.792 0.953 0.509 0.708 0.642 0.962 0.528 0.613 0.736 0.660 0.679 0.547 0.934 0.943 0.613 0.981 0.519 1.000 0.472 0.689 0.972 0.991 0.934 0.491 1.000 1.000 1.000 1.000 0.953 0.981 0.972 1.000 0.953 0.896 0.953 1.000 0.906 0.981 0.991 1.000 0.972 0.962 0.877 0.962 0.972 0.981 0.821 0.962 0.509 0.972 0.906 0.972 0.472 0.594 0.915 0.566 0.566 0.670 0.821 0.981 0.981 0.981 0.811 0.991 0.868 0.962 1.000 0.943 1.000 0.736 0.953 0.991 0.953 0.991 0.566 0.840 0.943 0.670 0.472 0.915 0.519 0.868 0.613 1.000 0.623 0.849 0.575 0.783 0.500 0.953 0.755 0.802 0.868 0.991 0.519 0.811 0.632 0.613 0.858 0.679 0.528 0.802 0.981 0.774 0.538 0.877 0.896 0.991 0.840 0.981 0.991 0.981 1.000 0.991 0.972 1.000 0.849 0.934 0.934 0.981 1.000 0.868 0.991 0.953 0.943 0.943 1.000 0.972 0.972 0.972 0.736 0.830 0.821 0.642 0.981 0.981 0.925 1.000 1.000 0.991 0.934 0.981 0.972 1.000 0.934 0.991 0.858 0.972 0.991 0.953 0.764 1.000 0.991 0.849 1.000 1.000 0.981 ]
Empty labelvectors (predicted) 0    
Label cardinality (predicted)  22.651
Levenshtein distance           0.132


== Additional Measurements (averaged across folds)

Number of training instances   106
Number of test instances       106
Label cardinality (train set)  25.905
Label cardinality (test set)   25.87
Build Time                     0.414
Test Time                      0.052
Total Time                     0.465


Averaging: 0.373528675479392