== Evaluation Info

Classifier                     Prepare_CC.Base_CC
Options                        [-S, 0, -W, weka.classifiers.trees.J48, --, -C, 0.25, -M, 2]
Additional Info                [129, 104, 69, 132, 39, 71, 160, 95, 125, 52, 3, 93, 85, 139, 40, 35, 147, 121, 113, 78, 119, 149, 72, 103, 134, 63, 26, 20, 87, 23, 29, 68, 27, 148, 116, 53, 15, 2, 90, 43, 126, 146, 6, 24, 92, 8, 21, 17, 97, 161, 77, 56, 164, 117, 150, 163, 22, 118, 135, 130, 91, 81, 13, 33, 28, 36, 105, 18, 158, 79, 41, 120, 86, 173, 112, 54, 106, 154, 108, 59, 138, 70, 58, 99, 115, 65, 128, 111, 107, 11, 102, 136, 169, 64, 57, 98, 171, 30, 42, 32, 4, 82, 34, 165, 66, 9, 73, 172, 156, 131, 62, 1, 142, 100, 83, 60, 25, 170, 157, 110, 109, 67, 166, 45, 89, 47, 5, 75, 141, 162, 127, 96, 51, 76, 124, 167, 74, 101, 16, 12, 37, 19, 137, 168, 94, 155, 114, 44, 153, 31, 80, 10, 0, 7, 14, 38, 46, 48, 49, 50, 55, 61, 84, 88, 122, 123, 133, 140, 143, 144, 145, 151, 152, 159]
Dataset                        CAL500
Number of labels (L)           174
Type                           ML-CV
Threshold                      0.5
Verbosity                      3


== Predictive Performance

Number of test instances (N)   
Accuracy                       0.296
Jaccard index                  0.296
Hamming score                  0.841
Exact match                    0    
Jaccard distance               0.704
Hamming loss                   0.159
ZeroOne loss                   1    
Harmonic score                 0.582
One error                      0.072
Rank loss                      0.314
Avg precision                  0.305
Log Loss (lim. L)              0.821
Log Loss (lim. D)              0.728
F1 (micro averaged)            0.452
F1 (macro averaged by example) 0.449
F1 (macro averaged by label)   0.14 
AUPRC (macro averaged)         NaN
AUROC (macro averaged)         NaN
Curve Data                     
Macro Curve Data               
Micro Curve Data               
Label indices                  [     0     1     2     3     4     5     6     7     8     9    10    11    12    13    14    15    16    17    18    19    20    21    22    23    24    25    26    27    28    29    30    31    32    33    34    35    36    37    38    39    40    41    42    43    44    45    46    47    48    49    50    51    52    53    54    55    56    57    58    59    60    61    62    63    64    65    66    67    68    69    70    71    72    73    74    75    76    77    78    79    80    81    82    83    84    85    86    87    88    89    90    91    92    93    94    95    96    97    98    99   100   101   102   103   104   105   106   107   108   109   110   111   112   113   114   115   116   117   118   119   120   121   122   123   124   125   126   127   128   129   130   131   132   133   134   135   136   137   138   139   140   141   142   143   144   145   146   147   148   149   150   151   152   153   154   155   156   157   158   159   160   161   162   163   164   165   166   167   168   169   170   171   172   173 ]
Accuracy (per label)           [ 1.000 0.928 0.979 0.598 0.990 0.649 0.567 1.000 0.711 0.629 0.897 0.495 0.443 0.959 1.000 0.567 0.753 0.577 0.485 0.979 0.763 0.598 0.515 0.691 0.649 0.990 0.701 0.701 0.825 0.598 0.649 0.722 0.464 0.948 0.464 0.742 0.763 0.969 1.000 0.959 0.784 0.990 0.856 0.948 0.928 0.990 1.000 0.948 1.000 1.000 1.000 0.979 0.784 0.794 0.814 1.000 0.990 0.907 0.711 0.979 0.732 1.000 0.897 0.814 0.763 0.866 0.969 0.629 0.969 0.546 0.691 0.990 0.526 0.742 0.990 0.701 0.979 0.990 0.959 0.629 0.990 0.619 0.990 0.938 1.000 0.845 0.918 0.969 1.000 0.969 0.938 0.639 0.557 0.928 0.515 0.990 0.474 0.979 0.526 0.918 0.392 0.515 0.742 0.588 0.649 0.567 0.979 0.691 0.567 0.866 0.990 0.856 0.557 0.742 0.784 0.938 0.979 0.443 0.979 0.948 0.959 0.701 1.000 1.000 0.660 0.959 0.959 0.856 0.804 0.938 0.876 0.990 0.938 1.000 0.948 0.969 0.979 0.990 0.536 0.948 1.000 0.897 0.928 1.000 1.000 1.000 0.990 0.876 0.691 0.804 0.887 1.000 1.000 0.866 0.948 0.959 0.907 0.990 0.959 1.000 0.979 0.948 0.866 0.990 0.979 0.979 0.990 0.990 0.969 0.979 0.907 0.887 0.969 0.990 ]
Empty labelvectors (predicted) 0    
Label cardinality (predicted)  24.103
Levenshtein distance           0.134


== Additional Measurements (averaged across folds)

Number of training instances   97
Number of test instances       97
Label cardinality (train set)  26.433
Label cardinality (test set)   26.434
Build Time                     0.357
Test Time                      0.047
Total Time                     0.405


Averaging: 0.37883400851340304