== Evaluation Info

Classifier                     Prepare_CC.Base_CC
Options                        [-S, 0, -W, weka.classifiers.trees.J48, --, -C, 0.25, -M, 2]
Additional Info                [103, 90, 72, 106, 109, 97, 160, 125, 107, 42, 81, 74, 5, 85, 66, 89, 137, 39, 64, 132, 15, 146, 95, 150, 80, 53, 47, 2, 8, 46, 63, 149, 93, 79, 77, 102, 154, 134, 94, 112, 173, 7, 111, 104, 124, 51, 36, 170, 32, 27, 101, 1, 114, 171, 147, 3, 59, 33, 118, 138, 167, 128, 28, 57, 37, 71, 13, 158, 18, 20, 117, 126, 31, 62, 100, 141, 19, 121, 139, 10, 168, 43, 16, 142, 30, 135, 119, 110, 45, 70, 120, 73, 155, 67, 162, 44, 108, 91, 87, 99, 60, 58, 164, 40, 113, 35, 56, 105, 78, 165, 161, 22, 169, 6, 83, 17, 115, 153, 76, 75, 127, 116, 23, 12, 156, 24, 148, 25, 21, 96, 130, 26, 9, 52, 86, 11, 29, 92, 65, 34, 69, 129, 54, 98, 172, 0, 4, 14, 38, 41, 48, 49, 50, 55, 61, 68, 82, 84, 88, 122, 123, 131, 133, 136, 140, 143, 144, 145, 151, 152, 157, 159, 163, 166]
Dataset                        CAL500
Number of labels (L)           174
Type                           ML-CV
Threshold                      0.5
Verbosity                      3


== Predictive Performance

Number of test instances (N)   
Accuracy                       0.279
Jaccard index                  0.279
Hamming score                  0.84 
Exact match                    0    
Jaccard distance               0.721
Hamming loss                   0.16 
ZeroOne loss                   1    
Harmonic score                 0.561
One error                      0.055
Rank loss                      0.329
Avg precision                  0.288
Log Loss (lim. L)              0.826
Log Loss (lim. D)              0.722
F1 (micro averaged)            0.433
F1 (macro averaged by example) 0.43 
F1 (macro averaged by label)   0.134
AUPRC (macro averaged)         NaN
AUROC (macro averaged)         NaN
Curve Data                     
Macro Curve Data               
Micro Curve Data               
Label indices                  [     0     1     2     3     4     5     6     7     8     9    10    11    12    13    14    15    16    17    18    19    20    21    22    23    24    25    26    27    28    29    30    31    32    33    34    35    36    37    38    39    40    41    42    43    44    45    46    47    48    49    50    51    52    53    54    55    56    57    58    59    60    61    62    63    64    65    66    67    68    69    70    71    72    73    74    75    76    77    78    79    80    81    82    83    84    85    86    87    88    89    90    91    92    93    94    95    96    97    98    99   100   101   102   103   104   105   106   107   108   109   110   111   112   113   114   115   116   117   118   119   120   121   122   123   124   125   126   127   128   129   130   131   132   133   134   135   136   137   138   139   140   141   142   143   144   145   146   147   148   149   150   151   152   153   154   155   156   157   158   159   160   161   162   163   164   165   166   167   168   169   170   171   172   173 ]
Accuracy (per label)           [ 1.000 0.945 0.978 0.407 1.000 0.681 0.593 0.989 0.769 0.714 0.868 0.549 0.473 0.945 1.000 0.604 0.714 0.560 0.505 0.945 0.758 0.582 0.659 0.747 0.582 0.989 0.615 0.747 0.824 0.626 0.758 0.604 0.527 0.923 0.593 0.802 0.802 0.956 1.000 0.956 0.846 1.000 0.824 0.890 0.967 0.989 0.956 0.956 1.000 1.000 1.000 0.978 0.769 0.692 0.824 1.000 0.989 0.912 0.736 0.989 0.824 1.000 0.857 0.692 0.769 0.835 0.923 0.648 1.000 0.571 0.648 0.989 0.549 0.659 0.956 0.736 0.956 0.989 0.956 0.681 0.967 0.604 1.000 0.945 1.000 0.868 0.934 0.956 1.000 0.989 0.879 0.626 0.736 0.989 0.473 0.989 0.396 0.967 0.549 0.868 0.374 0.462 0.747 0.484 0.769 0.571 0.945 0.582 0.582 0.769 0.989 0.736 0.484 0.813 0.813 0.956 0.967 0.527 0.978 0.967 0.945 0.692 1.000 1.000 0.714 0.967 0.945 0.901 0.879 0.956 0.780 1.000 0.945 1.000 0.923 0.945 1.000 0.978 0.516 0.945 1.000 0.890 0.912 1.000 1.000 1.000 0.989 0.945 0.758 0.824 0.923 1.000 1.000 0.769 0.945 0.978 0.879 1.000 0.978 1.000 0.945 0.912 0.868 1.000 0.934 0.978 1.000 0.956 0.945 0.978 0.890 0.835 0.978 0.989 ]
Empty labelvectors (predicted) 0    
Label cardinality (predicted)  23.022
Levenshtein distance           0.135


== Additional Measurements (averaged across folds)

Number of training instances   91
Number of test instances       91
Label cardinality (train set)  26.066
Label cardinality (test set)   26.063
Build Time                     0.325
Test Time                      0.047
Total Time                     0.372


Averaging: 0.3730200158450801