== Evaluation Info

Classifier                     Prepare_CC.Base_CC
Options                        [-S, 0, -W, weka.classifiers.trees.J48, --, -C, 0.25, -M, 2]
Additional Info                [100, 155, 69, 146, 101, 2, 127, 50, 40, 120, 15, 79, 169, 130, 90, 86, 111, 12, 38, 103, 115, 0, 49, 96, 21, 20, 117, 119, 29, 147, 107, 77, 31, 17, 83, 148, 71, 6, 105, 52, 123, 7, 108, 142, 167, 30, 118, 134, 141, 53, 47, 91, 93, 27, 1, 112, 161, 110, 99, 138, 102, 70, 87, 113, 39, 63, 144, 4, 114, 124, 25, 156, 3, 75, 65, 35, 135, 157, 33, 106, 125, 94, 9, 159, 131, 41, 150, 14, 45, 42, 95, 122, 13, 8, 59, 60, 104, 58, 121, 163, 109, 19, 23, 149, 11, 37, 128, 72, 82, 51, 34, 16, 81, 57, 152, 170, 67, 73, 140, 10, 74, 36, 89, 166, 92, 151, 98, 145, 126, 153, 24, 28, 97, 18, 5, 46, 61, 116, 133, 22, 26, 32, 43, 44, 48, 54, 55, 56, 62, 64, 66, 68, 76, 78, 80, 84, 85, 88, 129, 132, 136, 137, 139, 143, 154, 158, 160, 162, 164, 165, 168, 171, 172, 173]
Dataset                        CAL500
Number of labels (L)           174
Type                           ML-CV
Threshold                      0.5
Verbosity                      3


== Predictive Performance

Number of test instances (N)   
Accuracy                       0.325
Jaccard index                  0.325
Hamming score                  0.846
Exact match                    0    
Jaccard distance               0.675
Hamming loss                   0.154
ZeroOne loss                   1    
Harmonic score                 0.621
One error                      0.692
Rank loss                      0.303
Avg precision                  0.331
Log Loss (lim. L)              0.797
Log Loss (lim. D)              0.61 
F1 (micro averaged)            0.487
F1 (macro averaged by example) 0.485
F1 (macro averaged by label)   0.137
AUPRC (macro averaged)         NaN
AUROC (macro averaged)         NaN
Curve Data                     
Macro Curve Data               
Micro Curve Data               
Label indices                  [     0     1     2     3     4     5     6     7     8     9    10    11    12    13    14    15    16    17    18    19    20    21    22    23    24    25    26    27    28    29    30    31    32    33    34    35    36    37    38    39    40    41    42    43    44    45    46    47    48    49    50    51    52    53    54    55    56    57    58    59    60    61    62    63    64    65    66    67    68    69    70    71    72    73    74    75    76    77    78    79    80    81    82    83    84    85    86    87    88    89    90    91    92    93    94    95    96    97    98    99   100   101   102   103   104   105   106   107   108   109   110   111   112   113   114   115   116   117   118   119   120   121   122   123   124   125   126   127   128   129   130   131   132   133   134   135   136   137   138   139   140   141   142   143   144   145   146   147   148   149   150   151   152   153   154   155   156   157   158   159   160   161   162   163   164   165   166   167   168   169   170   171   172   173 ]
Accuracy (per label)           [ 0.635 0.615 0.577 0.808 0.962 0.385 0.962 0.462 0.942 0.577 0.981 0.654 0.481 0.788 0.519 0.750 0.981 0.500 0.981 0.558 0.962 0.750 1.000 0.769 0.923 0.596 1.000 0.538 0.442 0.942 0.769 0.481 1.000 0.827 0.981 0.788 0.462 0.981 0.981 0.981 0.577 0.904 0.981 1.000 1.000 0.981 0.942 0.981 1.000 0.788 0.865 0.904 0.981 0.885 1.000 1.000 1.000 0.904 0.981 0.942 0.981 0.981 1.000 0.981 1.000 0.385 1.000 0.962 1.000 0.635 0.500 0.981 0.731 0.596 0.654 0.827 1.000 0.981 1.000 0.788 1.000 0.904 0.923 0.981 1.000 1.000 0.712 0.981 1.000 0.981 0.981 0.712 0.692 0.923 0.577 0.692 0.673 0.538 0.962 0.500 0.981 0.731 0.712 0.904 0.519 0.462 0.923 0.942 0.635 0.673 0.923 0.596 0.885 0.673 0.923 0.750 0.981 0.596 0.846 0.962 0.885 0.635 0.981 0.808 0.981 0.712 0.865 0.885 0.981 1.000 0.981 0.923 1.000 0.692 0.942 0.904 1.000 1.000 0.904 1.000 0.904 0.981 0.846 1.000 0.981 0.923 0.981 0.635 0.712 0.635 0.615 0.923 0.942 0.942 1.000 0.981 0.981 0.981 1.000 0.981 1.000 0.981 1.000 0.654 1.000 1.000 0.769 0.673 1.000 0.981 0.827 1.000 1.000 1.000 ]
Empty labelvectors (predicted) 0    
Label cardinality (predicted)  25.404
Levenshtein distance           0.135


== Additional Measurements (averaged across folds)

Number of training instances   52
Number of test instances       52
Label cardinality (train set)  27
Label cardinality (test set)   26.977
Build Time                     0.123
Test Time                      0.022
Total Time                     0.145


Averaging: 0.39033696087541875