== Evaluation Info

Classifier                     Prepare_CC.Base_CC
Options                        [-S, 0, -W, weka.classifiers.trees.J48, --, -C, 0.25, -M, 2]
Additional Info                [115, 153, 140, 7, 19, 60, 118, 64, 86, 139, 3, 26, 120, 106, 116, 68, 124, 163, 5, 148, 70, 76, 65, 165, 31, 48, 8, 136, 164, 6, 93, 127, 81, 66, 173, 11, 92, 94, 104, 117, 145, 121, 123, 172, 62, 103, 85, 98, 96, 150, 40, 99, 1, 10, 59, 113, 12, 32, 142, 97, 69, 77, 22, 107, 9, 58, 33, 83, 23, 57, 13, 47, 37, 111, 30, 67, 87, 15, 2, 133, 147, 119, 128, 14, 20, 157, 39, 17, 84, 78, 166, 88, 27, 125, 162, 21, 108, 34, 149, 151, 112, 89, 122, 131, 35, 18, 80, 63, 24, 130, 138, 167, 36, 101, 46, 50, 54, 75, 114, 141, 91, 29, 73, 170, 135, 4, 55, 16, 72, 71, 105, 74, 49, 79, 134, 25, 53, 109, 146, 45, 161, 95, 102, 82, 158, 0, 28, 38, 41, 42, 43, 44, 51, 52, 56, 61, 90, 100, 110, 126, 129, 132, 137, 143, 144, 152, 154, 155, 156, 159, 160, 168, 169, 171]
Dataset                        CAL500
Number of labels (L)           174
Type                           ML-CV
Threshold                      0.5
Verbosity                      3


== Predictive Performance

Number of test instances (N)   
Accuracy                       0.278
Jaccard index                  0.278
Hamming score                  0.838
Exact match                    0    
Jaccard distance               0.722
Hamming loss                   0.162
ZeroOne loss                   1    
Harmonic score                 0.564
One error                      0.494
Rank loss                      0.326
Avg precision                  0.286
Log Loss (lim. L)              0.836
Log Loss (lim. D)              0.708
F1 (micro averaged)            0.435
F1 (macro averaged by example) 0.426
F1 (macro averaged by label)   0.128
AUPRC (macro averaged)         NaN
AUROC (macro averaged)         NaN
Curve Data                     
Macro Curve Data               
Micro Curve Data               
Label indices                  [     0     1     2     3     4     5     6     7     8     9    10    11    12    13    14    15    16    17    18    19    20    21    22    23    24    25    26    27    28    29    30    31    32    33    34    35    36    37    38    39    40    41    42    43    44    45    46    47    48    49    50    51    52    53    54    55    56    57    58    59    60    61    62    63    64    65    66    67    68    69    70    71    72    73    74    75    76    77    78    79    80    81    82    83    84    85    86    87    88    89    90    91    92    93    94    95    96    97    98    99   100   101   102   103   104   105   106   107   108   109   110   111   112   113   114   115   116   117   118   119   120   121   122   123   124   125   126   127   128   129   130   131   132   133   134   135   136   137   138   139   140   141   142   143   144   145   146   147   148   149   150   151   152   153   154   155   156   157   158   159   160   161   162   163   164   165   166   167   168   169   170   171   172   173 ]
Accuracy (per label)           [ 0.975 0.506 0.468 0.987 0.975 0.443 0.937 0.506 0.494 0.835 0.494 0.924 0.519 0.772 0.418 0.962 0.506 0.975 0.949 0.570 0.544 0.861 0.873 0.430 0.595 0.899 0.633 0.962 0.430 0.975 0.987 0.633 0.937 0.506 0.949 0.443 0.734 0.987 1.000 0.899 0.582 1.000 1.000 1.000 1.000 0.962 0.987 0.975 0.975 0.987 0.924 1.000 1.000 0.937 0.899 0.987 1.000 0.975 0.962 0.772 0.962 1.000 0.975 0.696 0.835 0.532 0.924 0.873 0.911 0.456 0.519 0.886 0.506 0.557 0.772 0.861 0.937 0.987 0.962 0.696 0.987 0.835 0.987 0.987 0.835 0.987 0.494 0.987 0.975 0.886 1.000 0.468 0.937 0.873 0.658 0.456 0.962 0.481 0.899 0.582 1.000 0.443 0.975 0.608 0.975 0.519 0.911 0.570 0.962 0.861 1.000 0.506 0.671 0.544 0.532 0.949 0.620 0.506 0.671 0.987 0.696 0.620 0.848 0.759 0.987 0.911 1.000 0.987 0.975 1.000 0.987 0.962 1.000 0.962 0.962 0.924 0.975 1.000 0.924 0.962 0.987 0.873 0.975 1.000 1.000 0.987 0.975 0.747 0.797 0.987 0.709 0.987 1.000 0.949 1.000 1.000 1.000 0.835 0.975 1.000 1.000 0.873 0.975 0.797 0.924 0.987 0.924 0.873 1.000 1.000 0.911 1.000 0.987 0.962 ]
Empty labelvectors (predicted) 0    
Label cardinality (predicted)  24.203
Levenshtein distance           0.137


== Additional Measurements (averaged across folds)

Number of training instances   79
Number of test instances       79
Label cardinality (train set)  25.721
Label cardinality (test set)   25.693
Build Time                     0.236
Test Time                      0.041
Total Time                     0.277


Averaging: 0.3719862348603526