== Evaluation Info

Classifier                     Prepare_CC.Base_CC
Options                        [-S, 0, -W, weka.classifiers.trees.J48, --, -C, 0.25, -M, 2]
Additional Info                [5, 15, 72, 111, 120, 137, 144, 130, 100, 169, 107, 23, 95, 147, 12, 25, 163, 53, 126, 142, 22, 149, 158, 32, 84, 96, 114, 116, 43, 78, 118, 165, 88, 59, 125, 134, 19, 38, 52, 70, 46, 73, 11, 91, 9, 80, 155, 64, 124, 33, 138, 58, 37, 18, 87, 60, 98, 82, 35, 20, 26, 57, 17, 99, 34, 162, 143, 123, 45, 104, 167, 75, 172, 159, 145, 41, 30, 65, 81, 140, 79, 101, 31, 50, 141, 39, 0, 115, 16, 13, 157, 40, 108, 74, 94, 1, 62, 69, 127, 14, 6, 148, 36, 93, 28, 170, 68, 67, 102, 24, 139, 146, 3, 54, 150, 2, 83, 97, 49, 160, 132, 106, 76, 103, 86, 7, 161, 129, 56, 10, 48, 77, 71, 153, 135, 85, 117, 4, 21, 105, 61, 92, 112, 109, 164, 89, 113, 166, 121, 8, 29, 63, 27, 156, 42, 128, 44, 66, 47, 51, 55, 90, 110, 119, 122, 131, 133, 136, 151, 152, 154, 168, 171, 173]
Dataset                        CAL500
Number of labels (L)           174
Type                           ML-CV
Threshold                      0.5
Verbosity                      3


== Predictive Performance

Number of test instances (N)   
Accuracy                       0.212
Jaccard index                  0.212
Hamming score                  0.83 
Exact match                    0    
Jaccard distance               0.788
Hamming loss                   0.17 
ZeroOne loss                   1    
Harmonic score                 0.474
One error                      0.378
Rank loss                      0.357
Avg precision                  0.225
Log Loss (lim. L)              0.876
Log Loss (lim. D)              0.731
F1 (micro averaged)            0.346
F1 (macro averaged by example) 0.342
F1 (macro averaged by label)   0.115
AUPRC (macro averaged)         NaN
AUROC (macro averaged)         NaN
Curve Data                     
Macro Curve Data               
Micro Curve Data               
Label indices                  [     0     1     2     3     4     5     6     7     8     9    10    11    12    13    14    15    16    17    18    19    20    21    22    23    24    25    26    27    28    29    30    31    32    33    34    35    36    37    38    39    40    41    42    43    44    45    46    47    48    49    50    51    52    53    54    55    56    57    58    59    60    61    62    63    64    65    66    67    68    69    70    71    72    73    74    75    76    77    78    79    80    81    82    83    84    85    86    87    88    89    90    91    92    93    94    95    96    97    98    99   100   101   102   103   104   105   106   107   108   109   110   111   112   113   114   115   116   117   118   119   120   121   122   123   124   125   126   127   128   129   130   131   132   133   134   135   136   137   138   139   140   141   142   143   144   145   146   147   148   149   150   151   152   153   154   155   156   157   158   159   160   161   162   163   164   165   166   167   168   169   170   171   172   173 ]
Accuracy (per label)           [ 0.973 0.568 0.824 0.703 0.946 0.541 0.568 0.811 0.649 0.568 0.676 0.446 0.554 0.838 0.973 0.500 0.635 0.500 0.527 0.797 0.662 0.446 0.662 0.595 0.554 0.865 0.554 0.797 0.730 0.757 0.757 0.581 0.649 0.784 0.703 0.568 0.730 0.986 0.986 0.973 0.811 0.973 0.959 0.959 0.986 0.986 0.986 1.000 0.986 0.986 0.973 1.000 0.919 0.743 0.932 1.000 0.986 0.959 0.892 0.743 0.932 0.973 0.905 0.757 0.919 0.662 0.932 0.730 0.851 0.514 0.676 0.838 0.392 0.595 0.730 0.716 0.986 0.959 0.946 0.676 0.959 0.730 0.851 0.959 0.878 0.946 0.784 0.973 0.973 0.973 1.000 0.662 0.716 0.919 0.432 0.851 0.527 0.838 0.703 0.757 0.743 0.689 0.716 0.541 0.892 0.514 0.986 0.784 0.622 0.905 1.000 0.486 0.635 0.554 0.689 0.905 0.986 0.514 0.919 1.000 0.838 0.527 1.000 0.973 0.757 0.946 0.973 0.959 0.959 0.986 0.838 1.000 0.986 1.000 0.824 0.986 1.000 0.959 0.730 0.946 0.986 0.946 0.986 0.973 0.986 0.986 0.973 0.946 0.797 0.824 0.865 1.000 1.000 0.851 1.000 0.986 0.986 0.797 0.986 0.986 0.973 0.905 0.986 0.892 0.986 0.986 0.959 0.892 1.000 0.986 0.932 1.000 0.986 1.000 ]
Empty labelvectors (predicted) 0    
Label cardinality (predicted)  21.5
Levenshtein distance           0.133


== Additional Measurements (averaged across folds)

Number of training instances   74
Number of test instances       74
Label cardinality (train set)  23.689
Label cardinality (test set)   23.666
Build Time                     0.225
Test Time                      0.034
Total Time                     0.259


Averaging: 0.3475381317710422