== Evaluation Info

Classifier                     Prepare_CC.Base_CC
Options                        [-S, 0, -W, weka.classifiers.trees.J48, --, -C, 0.25, -M, 2]
Additional Info                [55, 157, 82, 53, 171, 12, 106, 45, 152, 95, 84, 113, 140, 170, 34, 44, 108, 72, 150, 57, 172, 19, 120, 155, 30, 52, 62, 128, 141, 73, 88, 107, 36, 136, 147, 103, 142, 74, 23, 54, 46, 33, 90, 18, 35, 13, 68, 161, 135, 27, 10, 91, 42, 38, 119, 7, 111, 86, 167, 112, 133, 61, 60, 96, 138, 105, 134, 145, 49, 160, 75, 47, 22, 109, 5, 65, 83, 32, 102, 63, 132, 139, 93, 81, 148, 21, 168, 162, 59, 126, 115, 117, 97, 76, 20, 25, 94, 166, 11, 50, 137, 79, 9, 104, 69, 14, 98, 85, 15, 64, 28, 40, 26, 92, 71, 29, 31, 48, 125, 131, 6, 173, 123, 118, 116, 89, 122, 130, 110, 101, 67, 163, 8, 78, 146, 3, 144, 99, 41, 159, 2, 0, 24, 16, 58, 1, 70, 51, 121, 114, 17, 43, 4, 37, 39, 56, 66, 77, 80, 87, 100, 124, 127, 129, 143, 149, 151, 153, 154, 156, 158, 164, 165, 169]
Dataset                        CAL500
Number of labels (L)           174
Type                           ML-CV
Threshold                      0.5
Verbosity                      3


== Predictive Performance

Number of test instances (N)   
Accuracy                       0.263
Jaccard index                  0.263
Hamming score                  0.825
Exact match                    0    
Jaccard distance               0.737
Hamming loss                   0.175
ZeroOne loss                   1    
Harmonic score                 0.538
One error                      0.351
Rank loss                      0.342
Avg precision                  0.281
Log Loss (lim. L)              0.904
Log Loss (lim. D)              0.708
F1 (micro averaged)            0.412
F1 (macro averaged by example) 0.408
F1 (macro averaged by label)   0.122
AUPRC (macro averaged)         NaN
AUROC (macro averaged)         NaN
Curve Data                     
Macro Curve Data               
Micro Curve Data               
Label indices                  [     0     1     2     3     4     5     6     7     8     9    10    11    12    13    14    15    16    17    18    19    20    21    22    23    24    25    26    27    28    29    30    31    32    33    34    35    36    37    38    39    40    41    42    43    44    45    46    47    48    49    50    51    52    53    54    55    56    57    58    59    60    61    62    63    64    65    66    67    68    69    70    71    72    73    74    75    76    77    78    79    80    81    82    83    84    85    86    87    88    89    90    91    92    93    94    95    96    97    98    99   100   101   102   103   104   105   106   107   108   109   110   111   112   113   114   115   116   117   118   119   120   121   122   123   124   125   126   127   128   129   130   131   132   133   134   135   136   137   138   139   140   141   142   143   144   145   146   147   148   149   150   151   152   153   154   155   156   157   158   159   160   161   162   163   164   165   166   167   168   169   170   171   172   173 ]
Accuracy (per label)           [ 0.947 0.561 0.456 0.982 1.000 0.491 0.789 0.509 0.491 0.825 0.386 0.982 0.579 0.754 0.491 0.982 0.561 0.965 0.737 0.509 0.614 0.702 0.684 0.439 0.649 0.947 0.544 0.895 0.421 0.982 0.965 0.544 0.877 0.456 0.719 0.509 0.719 1.000 0.912 1.000 0.807 0.982 0.965 0.947 0.982 0.825 0.982 0.912 0.930 0.947 0.895 0.982 0.965 0.912 0.860 0.912 1.000 0.912 0.982 0.930 0.982 0.982 0.667 0.596 0.930 0.667 1.000 0.965 0.947 0.491 0.526 0.842 0.526 0.737 0.930 0.684 0.982 1.000 0.895 0.596 1.000 0.684 0.982 0.825 0.912 0.947 0.561 1.000 0.930 0.825 0.982 0.474 0.982 0.825 0.667 0.456 0.825 0.509 0.825 0.737 1.000 0.561 0.912 0.474 0.982 0.456 0.982 0.561 0.895 0.842 0.982 0.351 0.596 0.526 0.667 0.947 0.579 0.772 0.632 0.895 0.860 0.421 0.947 0.860 1.000 0.719 0.947 1.000 0.912 1.000 0.947 0.982 0.982 0.930 0.912 0.982 0.825 0.982 0.754 0.982 0.982 0.807 0.930 1.000 0.982 0.982 0.965 0.561 0.807 1.000 0.877 1.000 0.930 1.000 1.000 0.930 1.000 0.982 1.000 0.982 0.895 0.860 0.947 0.982 1.000 1.000 0.965 0.965 0.895 1.000 0.789 0.947 0.947 0.947 ]
Empty labelvectors (predicted) 0    
Label cardinality (predicted)  24.421
Levenshtein distance           0.146


== Additional Measurements (averaged across folds)

Number of training instances   57
Number of test instances       57
Label cardinality (train set)  27.42
Label cardinality (test set)   27.357
Build Time                     0.169
Test Time                      0.028
Total Time                     0.197


Averaging: 0.36252259968738104