== Evaluation Info

Classifier                     Prepare_CC.Base_CC
Options                        [-S, 0, -W, weka.classifiers.trees.J48, --, -C, 0.25, -M, 2]
Additional Info                [109, 94, 14, 87, 21, 52, 70, 119, 108, 30, 64, 34, 50, 112, 74, 68, 73, 121, 12, 56, 114, 110, 113, 72, 99, 123, 11, 103, 97, 133, 76, 126, 122, 53, 117, 27, 83, 69, 77, 138, 100, 134, 45, 131, 10, 31, 48, 1, 46, 140, 23, 91, 111, 80, 54, 106, 116, 88, 49, 41, 9, 37, 44, 59, 115, 129, 24, 18, 130, 28, 8, 107, 43, 26, 39, 3, 145, 7, 62, 29, 33, 57, 105, 67, 55, 144, 36, 4, 38, 93, 79, 142, 84, 75, 71, 118, 6, 128, 120, 78, 124, 141, 15, 136, 58, 139, 0, 51, 104, 60, 132, 66, 40, 96, 19, 5, 102, 95, 85, 125, 35, 32, 81, 22, 86, 98, 42, 137, 89, 2, 63, 16, 47, 20, 101, 17, 65, 143, 25, 92, 127, 90, 135, 82, 61, 13]
Dataset                        CAL500
Number of labels (L)           146
Type                           ML-CV
Threshold                      0.5
Verbosity                      3


== Predictive Performance

Number of test instances (N)   
Accuracy                       0.22 
Jaccard index                  0.22 
Hamming score                  0.781
Exact match                    0    
Jaccard distance               0.78 
Hamming loss                   0.219
ZeroOne loss                   1    
Harmonic score                 0.472
One error                      0.566
Rank loss                      0.402
Avg precision                  0.263
Log Loss (lim. L)              1.091
Log Loss (lim. D)              0.869
F1 (micro averaged)            0.349
F1 (macro averaged by example) 0.349
F1 (macro averaged by label)   0.14 
AUPRC (macro averaged)         0.182
AUROC (macro averaged)         0.489
Curve Data                     
Macro Curve Data               
Micro Curve Data               
Label indices                  [     0     1     2     3     4     5     6     7     8     9    10    11    12    13    14    15    16    17    18    19    20    21    22    23    24    25    26    27    28    29    30    31    32    33    34    35    36    37    38    39    40    41    42    43    44    45    46    47    48    49    50    51    52    53    54    55    56    57    58    59    60    61    62    63    64    65    66    67    68    69    70    71    72    73    74    75    76    77    78    79    80    81    82    83    84    85    86    87    88    89    90    91    92    93    94    95    96    97    98    99   100   101   102   103   104   105   106   107   108   109   110   111   112   113   114   115   116   117   118   119   120   121   122   123   124   125   126   127   128   129   130   131   132   133   134   135   136   137   138   139   140   141   142   143   144   145 ]
Accuracy (per label)           [ 0.717 0.472 0.453 0.887 0.962 0.528 0.736 0.604 0.792 0.491 0.717 0.415 0.642 0.623 0.472 0.698 0.585 0.755 0.811 0.642 0.660 0.528 0.943 0.547 0.679 0.774 0.717 0.660 0.509 0.755 0.887 0.604 0.830 0.566 0.925 0.547 0.868 0.962 0.887 0.981 0.981 0.981 0.792 0.925 0.981 0.925 0.887 0.962 0.943 0.887 0.566 0.981 0.736 0.981 0.642 0.981 0.868 0.981 0.849 0.792 0.491 0.868 0.509 0.585 0.830 0.981 0.830 0.528 0.849 0.849 0.962 0.642 0.962 0.434 0.415 0.774 0.887 0.528 0.585 0.642 0.491 0.792 0.509 0.906 0.755 0.811 0.623 0.698 0.566 0.792 0.623 0.925 0.472 0.679 0.528 0.736 0.925 0.623 0.453 0.396 0.962 0.868 0.547 0.849 0.849 0.849 0.925 0.925 0.981 0.981 0.925 0.981 0.981 0.906 0.585 0.811 0.868 0.981 0.906 0.849 0.925 0.906 0.943 0.736 0.981 0.925 0.698 0.811 0.981 0.981 0.943 0.981 0.906 0.981 0.642 0.755 0.830 0.981 0.943 0.981 0.962 0.962 0.981 0.925 0.962 0.962 ]
Empty labelvectors (predicted) 0    
Label cardinality (predicted)  23.113
Levenshtein distance           0.169


== Additional Measurements (averaged across folds)

Number of training instances   53
Number of test instances       53
Label cardinality (train set)  25.98
Label cardinality (test set)   25.917
Build Time                     0.17 
Test Time                      0.026
Total Time                     0.196


Averaging: 0.3335604152085175