== Evaluation Info

Classifier                     Prepare_CC.Base_CC
Options                        [-S, 0, -W, weka.classifiers.trees.J48, --, -C, 0.25, -M, 2]
Additional Info                [14, 133, 108, 60, 79, 69, 101, 56, 152, 138, 0, 62, 95, 83, 63, 91, 98, 58, 36, 12, 110, 159, 59, 127, 145, 147, 170, 72, 151, 118, 130, 13, 78, 121, 163, 109, 22, 24, 28, 105, 51, 9, 131, 125, 116, 6, 29, 52, 67, 80, 31, 21, 124, 40, 35, 11, 150, 161, 1, 26, 85, 104, 137, 43, 57, 44, 97, 70, 166, 38, 139, 142, 45, 153, 33, 73, 115, 47, 123, 7, 148, 136, 8, 66, 76, 141, 103, 134, 23, 100, 65, 61, 167, 135, 94, 5, 112, 30, 15, 126, 18, 156, 25, 34, 144, 93, 53, 75, 164, 120, 114, 20, 92, 149, 140, 82, 74, 19, 99, 81, 113, 87, 4, 71, 96, 122, 117, 46, 50, 17, 16, 102, 10, 107, 3, 49, 2, 86, 27, 106, 111, 32, 37, 39, 41, 42, 48, 54, 55, 64, 68, 77, 84, 88, 89, 90, 119, 128, 129, 132, 143, 146, 154, 155, 157, 158, 160, 162, 165, 168, 169, 171, 172, 173]
Dataset                        CAL500
Number of labels (L)           174
Type                           ML-CV
Threshold                      0.5
Verbosity                      3


== Predictive Performance

Number of test instances (N)   
Accuracy                       0.287
Jaccard index                  0.287
Hamming score                  0.846
Exact match                    0    
Jaccard distance               0.713
Hamming loss                   0.154
ZeroOne loss                   1    
Harmonic score                 0.566
One error                      0.571
Rank loss                      0.323
Avg precision                  0.294
Log Loss (lim. L)              0.797
Log Loss (lim. D)              0.622
F1 (micro averaged)            0.443
F1 (macro averaged by example) 0.436
F1 (macro averaged by label)   0.131
AUPRC (macro averaged)         NaN
AUROC (macro averaged)         NaN
Curve Data                     
Macro Curve Data               
Micro Curve Data               
Label indices                  [     0     1     2     3     4     5     6     7     8     9    10    11    12    13    14    15    16    17    18    19    20    21    22    23    24    25    26    27    28    29    30    31    32    33    34    35    36    37    38    39    40    41    42    43    44    45    46    47    48    49    50    51    52    53    54    55    56    57    58    59    60    61    62    63    64    65    66    67    68    69    70    71    72    73    74    75    76    77    78    79    80    81    82    83    84    85    86    87    88    89    90    91    92    93    94    95    96    97    98    99   100   101   102   103   104   105   106   107   108   109   110   111   112   113   114   115   116   117   118   119   120   121   122   123   124   125   126   127   128   129   130   131   132   133   134   135   136   137   138   139   140   141   142   143   144   145   146   147   148   149   150   151   152   153   154   155   156   157   158   159   160   161   162   163   164   165   166   167   168   169   170   171   172   173 ]
Accuracy (per label)           [ 0.821 0.571 0.589 0.946 0.982 0.375 0.893 0.643 0.911 0.607 0.821 0.554 0.714 0.821 0.536 0.857 0.643 0.661 0.893 0.464 0.911 0.500 0.911 0.679 0.750 0.804 0.857 0.589 0.411 0.964 0.929 0.661 1.000 0.679 0.982 0.696 0.464 1.000 0.982 1.000 0.714 1.000 1.000 0.982 0.982 0.964 0.964 0.929 1.000 0.857 0.911 0.911 0.946 0.839 1.000 1.000 0.982 0.893 0.946 0.982 0.982 0.964 0.911 0.679 1.000 0.607 0.911 0.964 1.000 0.500 0.571 0.964 0.607 0.393 0.589 0.732 0.929 1.000 0.982 0.661 0.982 0.893 0.982 0.982 1.000 0.982 0.839 0.982 1.000 1.000 1.000 0.679 0.893 0.875 0.589 0.571 0.875 0.482 0.946 0.518 0.946 0.536 0.786 0.732 0.679 0.429 0.982 0.786 0.589 0.804 0.982 0.625 0.839 0.750 0.643 0.946 0.964 0.571 0.839 1.000 0.911 0.500 0.964 0.893 0.982 0.714 0.982 0.946 1.000 1.000 0.857 0.982 1.000 0.786 0.964 0.982 0.982 0.982 0.804 0.946 0.929 0.982 0.804 1.000 0.964 0.964 1.000 0.768 0.857 0.625 0.732 0.946 0.964 0.857 1.000 1.000 0.964 1.000 1.000 0.964 1.000 0.946 1.000 0.893 0.929 1.000 0.964 0.750 1.000 1.000 0.821 1.000 1.000 1.000 ]
Empty labelvectors (predicted) 0    
Label cardinality (predicted)  22.875
Levenshtein distance           0.136


== Additional Measurements (averaged across folds)

Number of training instances   56
Number of test instances       56
Label cardinality (train set)  25.393
Label cardinality (test set)   25.43
Build Time                     0.145
Test Time                      0.027
Total Time                     0.172


Averaging: 0.37766799479715624