== Evaluation Info

Classifier                     Prepare_CC.Base_CC
Options                        [-S, 0, -W, weka.classifiers.trees.J48, --, -C, 0.25, -M, 2]
Additional Info                [85, 125, 95, 148, 126, 147, 92, 124, 168, 57, 107, 116, 51, 65, 42, 23, 27, 101, 119, 90, 10, 77, 76, 120, 105, 83, 15, 16, 141, 67, 89, 149, 96, 73, 22, 166, 45, 32, 39, 31, 37, 1, 146, 108, 99, 106, 98, 79, 66, 75, 104, 109, 70, 21, 138, 28, 44, 139, 20, 26, 118, 113, 64, 170, 91, 25, 29, 171, 19, 54, 142, 72, 30, 156, 132, 74, 5, 17, 34, 62, 24, 81, 103, 134, 172, 150, 9, 161, 52, 36, 128, 40, 154, 110, 129, 121, 86, 117, 127, 135, 56, 112, 173, 18, 169, 115, 13, 12, 58, 60, 114, 43, 167, 153, 78, 130, 100, 158, 102, 111, 46, 59, 6, 11, 80, 94, 47, 63, 165, 164, 8, 160, 137, 53, 87, 69, 35, 162, 3, 163, 155, 0, 2, 4, 7, 14, 33, 38, 41, 48, 49, 50, 55, 61, 68, 71, 82, 84, 88, 93, 97, 122, 123, 131, 133, 136, 140, 143, 144, 145, 151, 152, 157, 159]
Dataset                        CAL500
Number of labels (L)           174
Type                           ML-CV
Threshold                      0.5
Verbosity                      3


== Predictive Performance

Number of test instances (N)   
Accuracy                       0.317
Jaccard index                  0.317
Hamming score                  0.848
Exact match                    0    
Jaccard distance               0.683
Hamming loss                   0.152
ZeroOne loss                   1    
Harmonic score                 0.611
One error                      0.013
Rank loss                      0.298
Avg precision                  0.321
Log Loss (lim. L)              0.784
Log Loss (lim. D)              0.658
F1 (micro averaged)            0.479
F1 (macro averaged by example) 0.476
F1 (macro averaged by label)   0.145
AUPRC (macro averaged)         NaN
AUROC (macro averaged)         NaN
Curve Data                     
Macro Curve Data               
Micro Curve Data               
Label indices                  [     0     1     2     3     4     5     6     7     8     9    10    11    12    13    14    15    16    17    18    19    20    21    22    23    24    25    26    27    28    29    30    31    32    33    34    35    36    37    38    39    40    41    42    43    44    45    46    47    48    49    50    51    52    53    54    55    56    57    58    59    60    61    62    63    64    65    66    67    68    69    70    71    72    73    74    75    76    77    78    79    80    81    82    83    84    85    86    87    88    89    90    91    92    93    94    95    96    97    98    99   100   101   102   103   104   105   106   107   108   109   110   111   112   113   114   115   116   117   118   119   120   121   122   123   124   125   126   127   128   129   130   131   132   133   134   135   136   137   138   139   140   141   142   143   144   145   146   147   148   149   150   151   152   153   154   155   156   157   158   159   160   161   162   163   164   165   166   167   168   169   170   171   172   173 ]
Accuracy (per label)           [ 1.000 0.987 1.000 0.605 1.000 0.697 0.724 1.000 0.750 0.684 0.947 0.487 0.513 0.947 1.000 0.724 0.737 0.579 0.434 0.987 0.829 0.605 0.566 0.855 0.618 0.987 0.711 0.671 0.789 0.579 0.750 0.684 0.566 1.000 0.579 0.895 0.816 0.961 1.000 0.974 0.842 1.000 0.829 0.868 0.974 0.987 0.987 0.974 1.000 1.000 1.000 0.987 0.842 0.803 0.816 1.000 0.987 0.882 0.645 0.987 0.724 1.000 0.724 0.829 0.776 0.868 0.961 0.684 1.000 0.605 0.632 1.000 0.421 0.645 0.987 0.711 0.974 0.987 0.947 0.592 0.987 0.526 1.000 0.961 1.000 0.829 0.908 0.974 1.000 0.987 0.895 0.566 0.750 1.000 0.500 0.987 0.539 1.000 0.461 0.961 0.447 0.487 0.803 0.579 0.697 0.513 0.974 0.566 0.579 0.763 0.987 0.816 0.553 0.842 0.803 0.947 0.934 0.671 0.974 0.934 0.974 0.711 1.000 1.000 0.526 0.987 0.947 0.868 0.855 0.895 0.908 1.000 0.947 1.000 0.987 0.947 1.000 0.987 0.579 0.961 1.000 0.921 0.934 1.000 1.000 1.000 0.987 0.934 0.697 0.868 0.895 1.000 1.000 0.868 0.974 0.974 0.855 1.000 0.974 1.000 0.961 0.868 0.868 0.987 0.974 0.974 0.987 0.987 0.961 0.974 0.842 0.855 0.974 0.987 ]
Empty labelvectors (predicted) 0    
Label cardinality (predicted)  24.434
Levenshtein distance           0.132


== Additional Measurements (averaged across folds)

Number of training instances   76
Number of test instances       76
Label cardinality (train set)  26.342
Label cardinality (test set)   26.325
Build Time                     0.231
Test Time                      0.041
Total Time                     0.272


Averaging: 0.38835118660101015