== Evaluation Info

Classifier                     Prepare_CC.Base_CC
Options                        [-S, 0, -W, weka.classifiers.trees.J48, --, -C, 0.25, -M, 2]
Additional Info                [117, 32, 149, 116, 42, 58, 44, 159, 39, 115, 65, 21, 54, 140, 67, 172, 123, 166, 88, 7, 128, 91, 148, 28, 127, 61, 57, 84, 26, 102, 167, 30, 164, 37, 46, 80, 35, 79, 15, 8, 147, 18, 36, 87, 138, 16, 108, 94, 121, 129, 72, 92, 100, 154, 150, 49, 34, 14, 75, 161, 78, 170, 59, 169, 104, 101, 137, 86, 62, 125, 142, 130, 38, 83, 31, 126, 82, 68, 124, 111, 33, 17, 11, 4, 29, 40, 10, 98, 74, 50, 5, 97, 27, 135, 64, 157, 120, 22, 163, 6, 73, 2, 112, 12, 41, 106, 70, 71, 105, 153, 85, 47, 81, 20, 66, 113, 25, 143, 103, 146, 145, 114, 1, 134, 56, 158, 95, 144, 93, 52, 13, 77, 3, 155, 60, 139, 48, 118, 122, 119, 24, 23, 160, 9, 156, 69, 109, 141, 96, 53, 63, 89, 99, 90, 107, 165, 43, 132, 0, 19, 162, 45, 51, 55, 76, 110, 131, 133, 136, 151, 152, 168, 171, 173]
Dataset                        CAL500
Number of labels (L)           174
Type                           ML-CV
Threshold                      0.5
Verbosity                      3


== Predictive Performance

Number of test instances (N)   
Accuracy                       0.213
Jaccard index                  0.213
Hamming score                  0.836
Exact match                    0    
Jaccard distance               0.787
Hamming loss                   0.164
ZeroOne loss                   1    
Harmonic score                 0.463
One error                      0.5  
Rank loss                      0.368
Avg precision                  0.231
Log Loss (lim. L)              0.847
Log Loss (lim. D)              0.727
F1 (micro averaged)            0.344
F1 (macro averaged by example) 0.344
F1 (macro averaged by label)   0.124
AUPRC (macro averaged)         NaN
AUROC (macro averaged)         NaN
Curve Data                     
Macro Curve Data               
Micro Curve Data               
Label indices                  [     0     1     2     3     4     5     6     7     8     9    10    11    12    13    14    15    16    17    18    19    20    21    22    23    24    25    26    27    28    29    30    31    32    33    34    35    36    37    38    39    40    41    42    43    44    45    46    47    48    49    50    51    52    53    54    55    56    57    58    59    60    61    62    63    64    65    66    67    68    69    70    71    72    73    74    75    76    77    78    79    80    81    82    83    84    85    86    87    88    89    90    91    92    93    94    95    96    97    98    99   100   101   102   103   104   105   106   107   108   109   110   111   112   113   114   115   116   117   118   119   120   121   122   123   124   125   126   127   128   129   130   131   132   133   134   135   136   137   138   139   140   141   142   143   144   145   146   147   148   149   150   151   152   153   154   155   156   157   158   159   160   161   162   163   164   165   166   167   168   169   170   171   172   173 ]
Accuracy (per label)           [ 0.976 0.488 0.786 0.750 0.917 0.571 0.583 0.595 0.679 0.607 0.738 0.536 0.619 0.702 0.905 0.595 0.810 0.631 0.607 0.702 0.726 0.488 0.690 0.631 0.631 0.833 0.714 0.714 0.667 0.667 0.845 0.631 0.738 0.631 0.786 0.607 0.583 0.976 0.988 0.929 0.786 0.976 0.964 0.952 0.988 1.000 0.988 0.988 0.988 0.976 0.976 1.000 0.940 0.798 0.940 1.000 0.988 0.964 0.929 0.786 0.952 0.952 0.929 0.857 0.905 0.679 0.929 0.786 0.833 0.750 0.631 0.857 0.524 0.655 0.774 0.667 1.000 0.964 0.940 0.643 0.976 0.750 0.845 0.952 0.798 0.952 0.726 0.893 0.976 0.976 0.988 0.702 0.595 0.917 0.488 0.762 0.738 0.762 0.726 0.560 0.786 0.690 0.667 0.536 0.821 0.512 0.988 0.845 0.690 0.940 1.000 0.560 0.571 0.571 0.690 0.881 0.940 0.310 0.905 0.988 0.833 0.631 0.964 0.976 0.821 0.952 0.976 0.929 0.952 0.988 0.905 1.000 0.988 1.000 0.893 0.952 1.000 0.976 0.798 0.976 0.988 0.976 0.988 0.976 0.988 0.988 0.976 0.905 0.905 0.798 0.929 1.000 1.000 0.905 0.988 0.988 0.988 0.750 0.988 0.988 0.988 0.964 0.988 0.881 0.940 0.988 0.952 0.917 1.000 0.988 0.917 1.000 0.988 1.000 ]
Empty labelvectors (predicted) 0    
Label cardinality (predicted)  19.488
Levenshtein distance           0.134


== Additional Measurements (averaged across folds)

Number of training instances   84
Number of test instances       84
Label cardinality (train set)  24.072
Label cardinality (test set)   24.089
Build Time                     0.297
Test Time                      0.039
Total Time                     0.336


Averaging: 0.3494988307896761