== Evaluation Info

Classifier                     Prepare_CC.Base_CC
Options                        [-S, 0, -W, weka.classifiers.trees.J48, --, -C, 0.25, -M, 2]
Additional Info                [18, 115, 148, 141, 124, 34, 71, 20, 50, 81, 92, 93, 86, 133, 68, 70, 101, 150, 121, 99, 74, 142, 51, 4, 41, 55, 84, 27, 45, 26, 154, 63, 40, 10, 136, 85, 123, 116, 112, 106, 157, 149, 134, 88, 13, 98, 46, 91, 125, 49, 107, 33, 165, 146, 32, 7, 164, 119, 131, 128, 138, 109, 105, 6, 37, 113, 24, 21, 111, 151, 145, 108, 137, 126, 127, 72, 48, 22, 83, 47, 96, 155, 30, 17, 162, 87, 2, 130, 114, 103, 11, 67, 97, 95, 65, 3, 172, 8, 29, 28, 173, 9, 118, 31, 69, 54, 166, 75, 94, 14, 77, 25, 76, 15, 153, 53, 102, 169, 42, 89, 170, 139, 73, 78, 161, 135, 59, 62, 0, 64, 122, 16, 23, 35, 12, 60, 104, 80, 117, 1, 57, 19, 79, 66, 163, 167, 5, 158, 120, 39, 58, 36, 147, 38, 43, 44, 52, 56, 61, 82, 90, 100, 110, 129, 132, 140, 143, 144, 152, 156, 159, 160, 168, 171]
Dataset                        CAL500
Number of labels (L)           174
Type                           ML-CV
Threshold                      0.5
Verbosity                      3


== Predictive Performance

Number of test instances (N)   
Accuracy                       0.269
Jaccard index                  0.269
Hamming score                  0.838
Exact match                    0    
Jaccard distance               0.731
Hamming loss                   0.162
ZeroOne loss                   1    
Harmonic score                 0.549
One error                      0.429
Rank loss                      0.341
Avg precision                  0.28 
Log Loss (lim. L)              0.838
Log Loss (lim. D)              0.733
F1 (micro averaged)            0.422
F1 (macro averaged by example) 0.418
F1 (macro averaged by label)   0.117
AUPRC (macro averaged)         NaN
AUROC (macro averaged)         NaN
Curve Data                     
Macro Curve Data               
Micro Curve Data               
Label indices                  [     0     1     2     3     4     5     6     7     8     9    10    11    12    13    14    15    16    17    18    19    20    21    22    23    24    25    26    27    28    29    30    31    32    33    34    35    36    37    38    39    40    41    42    43    44    45    46    47    48    49    50    51    52    53    54    55    56    57    58    59    60    61    62    63    64    65    66    67    68    69    70    71    72    73    74    75    76    77    78    79    80    81    82    83    84    85    86    87    88    89    90    91    92    93    94    95    96    97    98    99   100   101   102   103   104   105   106   107   108   109   110   111   112   113   114   115   116   117   118   119   120   121   122   123   124   125   126   127   128   129   130   131   132   133   134   135   136   137   138   139   140   141   142   143   144   145   146   147   148   149   150   151   152   153   154   155   156   157   158   159   160   161   162   163   164   165   166   167   168   169   170   171   172   173 ]
Accuracy (per label)           [ 0.978 0.527 0.451 0.978 0.967 0.648 0.857 0.549 0.473 0.912 0.473 0.934 0.681 0.769 0.571 0.945 0.516 0.956 0.857 0.659 0.549 0.747 0.868 0.473 0.473 0.956 0.495 0.901 0.593 0.945 0.978 0.736 0.912 0.484 0.879 0.462 0.769 0.989 1.000 0.945 0.484 0.989 0.989 1.000 1.000 0.923 0.989 0.956 0.978 0.989 0.956 0.989 1.000 0.956 0.824 0.956 1.000 0.945 0.956 0.901 0.956 1.000 0.956 0.681 0.824 0.615 0.934 0.912 0.956 0.516 0.451 0.945 0.560 0.385 0.725 0.846 0.956 0.978 0.901 0.813 0.989 0.791 1.000 0.945 0.912 0.978 0.747 0.978 0.912 0.802 1.000 0.407 0.956 0.813 0.582 0.462 0.967 0.527 0.846 0.527 1.000 0.451 0.967 0.604 0.978 0.440 0.912 0.681 0.956 0.846 1.000 0.549 0.637 0.659 0.560 0.857 0.593 0.582 0.769 0.989 0.758 0.527 0.912 0.824 0.989 0.879 0.989 0.989 0.978 1.000 0.978 0.956 1.000 0.956 0.923 0.967 0.978 0.989 0.835 0.967 1.000 0.802 0.978 1.000 1.000 0.989 0.978 0.780 0.648 0.901 0.549 0.989 1.000 0.978 0.967 0.967 1.000 0.945 0.967 1.000 1.000 0.901 0.978 0.846 0.934 0.989 0.879 0.879 1.000 0.989 0.813 1.000 0.978 0.978 ]
Empty labelvectors (predicted) 0    
Label cardinality (predicted)  22.923
Levenshtein distance           0.136


== Additional Measurements (averaged across folds)

Number of training instances   91
Number of test instances       91
Label cardinality (train set)  25.967
Label cardinality (test set)   25.972
Build Time                     0.329
Test Time                      0.045
Total Time                     0.375


Averaging: 0.3689552634358309