== Evaluation Info

Classifier                     Prepare_CC.Base_CC
Options                        [-S, 0, -W, weka.classifiers.trees.J48, --, -C, 0.25, -M, 2]
Additional Info                [80, 5, 108, 135, 122, 106, 160, 43, 47, 73, 114, 148, 39, 33, 143, 103, 139, 68, 74, 107, 151, 116, 97, 75, 134, 104, 146, 141, 60, 84, 156, 11, 153, 24, 25, 64, 93, 56, 12, 58, 162, 123, 158, 110, 96, 144, 21, 154, 52, 45, 111, 95, 79, 138, 59, 2, 142, 130, 46, 127, 129, 15, 101, 65, 88, 53, 36, 54, 112, 29, 13, 51, 117, 30, 26, 35, 61, 99, 109, 137, 44, 132, 145, 120, 7, 161, 48, 128, 81, 31, 49, 152, 115, 18, 87, 150, 20, 94, 70, 140, 10, 133, 66, 27, 100, 136, 85, 8, 86, 40, 91, 4, 71, 78, 17, 131, 105, 57, 14, 124, 28, 157, 63, 6, 149, 62, 23, 89, 121, 69, 9, 159, 119, 42, 0, 92, 76, 77, 50, 126, 98, 1, 16, 67, 34, 55, 3, 102, 147, 118, 113, 22, 155, 125, 38, 83, 90, 72, 37, 32, 19, 41, 82]
Dataset                        CAL500
Number of labels (L)           163
Type                           ML-CV
Threshold                      0.5
Verbosity                      3


== Predictive Performance

Number of test instances (N)   
Accuracy                       0.261
Jaccard index                  0.261
Hamming score                  0.825
Exact match                    0    
Jaccard distance               0.739
Hamming loss                   0.175
ZeroOne loss                   1    
Harmonic score                 0.533
One error                      0.095
Rank loss                      0.343
Avg precision                  0.28 
Log Loss (lim. L)              0.893
Log Loss (lim. D)              0.847
F1 (micro averaged)            0.41 
F1 (macro averaged by example) 0.408
F1 (macro averaged by label)   0.143
AUPRC (macro averaged)         0.164
AUROC (macro averaged)         0.501
Curve Data                     
Macro Curve Data               
Micro Curve Data               
Label indices                  [     0     1     2     3     4     5     6     7     8     9    10    11    12    13    14    15    16    17    18    19    20    21    22    23    24    25    26    27    28    29    30    31    32    33    34    35    36    37    38    39    40    41    42    43    44    45    46    47    48    49    50    51    52    53    54    55    56    57    58    59    60    61    62    63    64    65    66    67    68    69    70    71    72    73    74    75    76    77    78    79    80    81    82    83    84    85    86    87    88    89    90    91    92    93    94    95    96    97    98    99   100   101   102   103   104   105   106   107   108   109   110   111   112   113   114   115   116   117   118   119   120   121   122   123   124   125   126   127   128   129   130   131   132   133   134   135   136   137   138   139   140   141   142   143   144   145   146   147   148   149   150   151   152   153   154   155   156   157   158   159   160   161   162 ]
Accuracy (per label)           [ 0.889 0.929 0.508 0.992 0.595 0.548 0.968 0.730 0.532 0.810 0.532 0.476 0.849 0.968 0.508 0.730 0.651 0.476 0.952 0.786 0.437 0.603 0.690 0.548 0.992 0.603 0.690 0.762 0.690 0.675 0.603 0.571 0.833 0.579 0.738 0.770 0.976 0.984 0.984 0.706 0.984 0.897 0.921 0.968 0.984 0.976 0.976 0.992 0.992 0.968 0.865 0.802 0.897 0.984 0.976 0.905 0.762 0.984 0.825 0.841 0.762 0.873 0.849 0.976 0.667 0.984 0.603 0.635 0.976 0.437 0.690 0.944 0.746 0.984 0.992 0.937 0.603 0.984 0.635 0.984 0.897 0.889 0.921 0.984 0.992 0.944 0.952 0.563 0.778 0.944 0.492 0.952 0.468 0.817 0.603 0.857 0.460 0.532 0.833 0.556 0.683 0.556 0.976 0.667 0.611 0.841 0.984 0.675 0.484 0.833 0.730 0.913 0.944 0.508 0.952 0.905 0.921 0.667 0.992 0.770 0.929 0.976 0.881 0.841 0.968 0.905 0.992 0.976 0.984 0.968 0.952 0.984 0.492 0.952 0.992 0.865 0.921 0.984 0.897 0.722 0.802 0.873 0.992 0.833 0.960 0.952 0.881 0.992 0.952 0.921 0.921 0.921 0.984 0.984 0.976 0.968 0.929 0.968 0.984 0.913 0.905 0.984 0.984 ]
Empty labelvectors (predicted) 0    
Label cardinality (predicted)  22.317
Levenshtein distance           0.144


== Additional Measurements (averaged across folds)

Number of training instances   126
Number of test instances       126
Label cardinality (train set)  26.103
Label cardinality (test set)   26.086
Build Time                     0.697
Test Time                      0.07 
Total Time                     0.767


Averaging: 0.36203858492202573