== Evaluation Info

Classifier                     Prepare_CC.Base_CC
Options                        [-S, 0, -W, weka.classifiers.trees.J48, --, -C, 0.25, -M, 2]
Additional Info                [68, 62, 90, 34, 6, 81, 97, 55, 98, 130, 15, 84, 111, 123, 80, 122, 12, 96, 16, 128, 61, 7, 67, 10, 158, 101, 63, 109, 0, 120, 124, 156, 126, 39, 121, 134, 29, 107, 79, 119, 148, 11, 85, 20, 105, 155, 69, 99, 8, 70, 153, 147, 50, 138, 143, 142, 113, 86, 154, 22, 66, 145, 83, 64, 27, 78, 115, 76, 52, 88, 102, 114, 132, 95, 24, 118, 141, 2, 89, 57, 92, 127, 139, 87, 41, 33, 104, 103, 136, 112, 4, 144, 9, 25, 38, 36, 117, 74, 150, 106, 131, 48, 157, 75, 56, 45, 151, 82, 94, 17, 125, 116, 91, 44, 19, 53, 72, 37, 71, 152, 54, 73, 46, 108, 65, 60, 149, 14, 26, 43, 51, 30, 59, 28, 1, 3, 137, 40, 77, 140, 13, 32, 47, 129, 58, 23, 21, 135, 31, 5, 18, 93, 100, 110, 35, 42, 133, 49, 146]
Dataset                        CAL500
Number of labels (L)           159
Type                           ML-CV
Threshold                      0.5
Verbosity                      3


== Predictive Performance

Number of test instances (N)   
Accuracy                       0.278
Jaccard index                  0.278
Hamming score                  0.825
Exact match                    0    
Jaccard distance               0.722
Hamming loss                   0.175
ZeroOne loss                   1    
Harmonic score                 0.55 
One error                      0.524
Rank loss                      0.338
Avg precision                  0.3  
Log Loss (lim. L)              0.886
Log Loss (lim. D)              0.813
F1 (micro averaged)            0.432
F1 (macro averaged by example) 0.429
F1 (macro averaged by label)   0.143
AUPRC (macro averaged)         0.169
AUROC (macro averaged)         0.499
Curve Data                     
Macro Curve Data               
Micro Curve Data               
Label indices                  [     0     1     2     3     4     5     6     7     8     9    10    11    12    13    14    15    16    17    18    19    20    21    22    23    24    25    26    27    28    29    30    31    32    33    34    35    36    37    38    39    40    41    42    43    44    45    46    47    48    49    50    51    52    53    54    55    56    57    58    59    60    61    62    63    64    65    66    67    68    69    70    71    72    73    74    75    76    77    78    79    80    81    82    83    84    85    86    87    88    89    90    91    92    93    94    95    96    97    98    99   100   101   102   103   104   105   106   107   108   109   110   111   112   113   114   115   116   117   118   119   120   121   122   123   124   125   126   127   128   129   130   131   132   133   134   135   136   137   138   139   140   141   142   143   144   145   146   147   148   149   150   151   152   153   154   155   156   157   158 ]
Accuracy (per label)           [ 0.800 0.505 0.610 0.990 0.962 0.438 0.562 0.733 0.629 0.619 0.714 0.638 0.752 0.524 0.933 0.610 0.838 0.981 0.600 0.705 0.600 0.962 0.486 0.771 0.781 0.714 0.733 0.467 0.971 0.971 0.486 0.629 0.971 0.514 0.600 0.971 0.733 0.990 0.990 0.990 0.990 0.810 0.981 0.962 0.990 0.876 0.905 0.990 0.990 0.933 0.943 0.990 0.981 0.952 0.981 0.743 0.829 0.962 0.724 0.971 0.600 0.971 0.990 0.886 0.629 0.562 0.781 0.505 0.629 0.790 0.667 0.981 0.981 0.619 0.857 0.867 0.952 0.810 0.981 0.562 0.990 0.990 0.981 0.448 0.952 0.848 0.562 0.476 0.952 0.476 0.990 0.876 0.990 0.648 0.886 0.467 0.867 0.552 0.990 0.762 0.838 0.857 0.990 0.610 0.743 0.543 0.781 0.924 0.524 0.638 0.667 0.971 0.924 0.486 0.924 0.829 0.990 0.867 0.952 0.943 0.981 0.990 0.848 0.762 0.886 0.924 0.990 0.867 0.990 0.962 0.848 0.924 0.990 0.829 0.952 0.952 0.638 0.895 0.905 0.905 0.962 0.971 0.990 0.971 0.990 0.810 0.838 0.895 0.981 0.895 0.990 0.990 0.924 0.857 0.962 0.924 0.971 0.981 0.971 ]
Empty labelvectors (predicted) 0    
Label cardinality (predicted)  22.495
Levenshtein distance           0.147


== Additional Measurements (averaged across folds)

Number of training instances   105
Number of test instances       105
Label cardinality (train set)  26.428
Label cardinality (test set)   26.407
Build Time                     0.49 
Test Time                      0.061
Total Time                     0.551


Averaging: 0.3678967143290553