== Evaluation Info

Classifier                     Prepare_CC.Base_CC
Options                        [-S, 0, -W, weka.classifiers.trees.J48, --, -C, 0.25, -M, 2]
Additional Info                [117, 25, 132, 135, 151, 67, 38, 129, 41, 59, 126, 0, 22, 128, 40, 45, 99, 100, 10, 37, 166, 133, 106, 164, 93, 81, 9, 54, 144, 14, 74, 114, 84, 88, 64, 20, 149, 30, 161, 109, 11, 123, 31, 116, 159, 87, 136, 56, 55, 146, 118, 153, 104, 152, 155, 15, 147, 125, 94, 73, 7, 24, 140, 89, 46, 113, 70, 29, 17, 66, 143, 91, 36, 141, 154, 85, 1, 139, 131, 65, 130, 108, 101, 95, 98, 122, 124, 60, 102, 121, 163, 97, 49, 50, 3, 78, 103, 107, 80, 19, 21, 105, 82, 160, 2, 92, 158, 4, 138, 48, 167, 33, 61, 157, 6, 62, 127, 53, 8, 96, 28, 44, 134, 79, 90, 120, 18, 26, 16, 86, 43, 68, 12, 119, 58, 150, 115, 27, 71, 112, 47, 145, 83, 137, 34, 110, 57, 111, 39, 162, 52, 72, 35, 69, 77, 76, 148, 51, 142, 42, 156, 32, 75, 5, 63, 13, 23, 165]
Dataset                        CAL500
Number of labels (L)           168
Type                           ML-CV
Threshold                      0.5
Verbosity                      3


== Predictive Performance

Number of test instances (N)   
Accuracy                       0.237
Jaccard index                  0.237
Hamming score                  0.829
Exact match                    0    
Jaccard distance               0.763
Hamming loss                   0.171
ZeroOne loss                   1    
Harmonic score                 0.486
One error                      0.189
Rank loss                      0.364
Avg precision                  0.262
Log Loss (lim. L)              0.877
Log Loss (lim. D)              0.849
F1 (micro averaged)            0.379
F1 (macro averaged by example) 0.375
F1 (macro averaged by label)   0.126
AUPRC (macro averaged)         0.159
AUROC (macro averaged)         0.5  
Curve Data                     
Macro Curve Data               
Micro Curve Data               
Label indices                  [     0     1     2     3     4     5     6     7     8     9    10    11    12    13    14    15    16    17    18    19    20    21    22    23    24    25    26    27    28    29    30    31    32    33    34    35    36    37    38    39    40    41    42    43    44    45    46    47    48    49    50    51    52    53    54    55    56    57    58    59    60    61    62    63    64    65    66    67    68    69    70    71    72    73    74    75    76    77    78    79    80    81    82    83    84    85    86    87    88    89    90    91    92    93    94    95    96    97    98    99   100   101   102   103   104   105   106   107   108   109   110   111   112   113   114   115   116   117   118   119   120   121   122   123   124   125   126   127   128   129   130   131   132   133   134   135   136   137   138   139   140   141   142   143   144   145   146   147   148   149   150   151   152   153   154   155   156   157   158   159   160   161   162   163   164   165   166   167 ]
Accuracy (per label)           [ 0.993 0.804 0.741 0.545 0.615 0.531 0.902 0.734 0.657 0.790 0.615 0.462 0.930 0.867 0.545 0.622 0.685 0.517 0.860 0.790 0.497 0.664 0.615 0.545 0.979 0.671 0.811 0.629 0.776 0.769 0.580 0.601 0.699 0.615 0.643 0.811 0.986 0.972 0.972 0.818 0.986 0.902 0.930 0.979 0.944 0.958 0.965 0.986 0.986 0.972 0.853 0.825 0.881 0.986 0.986 0.874 0.853 0.986 0.825 0.986 0.839 0.755 0.846 0.804 0.965 0.860 0.986 0.601 0.566 0.972 0.483 0.643 0.923 0.636 0.979 0.993 0.951 0.587 0.986 0.608 0.993 0.909 0.923 0.846 0.979 0.993 0.951 0.972 0.510 0.755 0.937 0.510 0.867 0.580 0.783 0.476 0.692 0.615 0.469 0.874 0.510 0.790 0.462 0.979 0.685 0.699 0.804 0.986 0.580 0.427 0.769 0.762 0.944 0.874 0.497 0.916 0.923 0.902 0.657 0.986 0.972 0.846 0.888 0.965 0.930 0.902 0.972 0.881 0.993 0.979 0.986 0.979 0.958 0.937 0.979 0.545 0.972 0.993 0.902 0.909 0.986 0.979 0.874 0.811 0.867 0.888 0.993 0.881 0.965 0.937 0.944 0.993 0.979 0.986 0.951 0.937 0.909 0.972 0.979 0.986 0.972 0.944 0.958 0.986 0.909 0.902 0.986 0.972 ]
Empty labelvectors (predicted) 0    
Label cardinality (predicted)  20.28
Levenshtein distance           0.139


== Additional Measurements (averaged across folds)

Number of training instances   143
Number of test instances       143
Label cardinality (train set)  26.042
Label cardinality (test set)   26.022
Build Time                     0.777
Test Time                      0.078
Total Time                     0.855


Averaging: 0.35513954321416535