== Evaluation Info

Classifier                     Prepare_CC.Base_CC
Options                        [-S, 0, -W, weka.classifiers.trees.J48, --, -C, 0.25, -M, 2]
Additional Info                [110, 143, 94, 142, 115, 60, 81, 82, 70, 119, 139, 39, 18, 46, 33, 45, 104, 85, 118, 34, 67, 65, 59, 20, 0, 29, 73, 75, 68, 77, 123, 42, 116, 15, 71, 120, 137, 133, 41, 28, 86, 101, 106, 100, 121, 50, 83, 125, 4, 74, 24, 17, 21, 47, 52, 92, 102, 78, 88, 127, 3, 16, 108, 114, 35, 109, 90, 5, 107, 63, 58, 40, 36, 96, 122, 105, 129, 66, 95, 31, 27, 89, 44, 134, 37, 48, 91, 132, 113, 126, 19, 64, 124, 32, 136, 140, 54, 1, 128, 38, 138, 12, 57, 80, 30, 7, 9, 112, 23, 76, 87, 2, 25, 13, 56, 43, 98, 130, 69, 22, 62, 72, 97, 6, 53, 26, 61, 10, 49, 51, 93, 11, 141, 8, 55, 103, 135, 79, 131, 99, 84, 14, 111, 117]
Dataset                        CAL500
Number of labels (L)           144
Type                           ML-CV
Threshold                      0.5
Verbosity                      3


== Predictive Performance

Number of test instances (N)   
Accuracy                       0.356
Jaccard index                  0.356
Hamming score                  0.817
Exact match                    0    
Jaccard distance               0.644
Hamming loss                   0.183
ZeroOne loss                   1    
Harmonic score                 0.643
One error                      0.373
Rank loss                      0.305
Avg precision                  0.38 
Log Loss (lim. L)              0.911
Log Loss (lim. D)              0.791
F1 (micro averaged)            0.521
F1 (macro averaged by example) 0.517
F1 (macro averaged by label)   0.179
AUPRC (macro averaged)         0.2  
AUROC (macro averaged)         0.501
Curve Data                     
Macro Curve Data               
Micro Curve Data               
Label indices                  [     0     1     2     3     4     5     6     7     8     9    10    11    12    13    14    15    16    17    18    19    20    21    22    23    24    25    26    27    28    29    30    31    32    33    34    35    36    37    38    39    40    41    42    43    44    45    46    47    48    49    50    51    52    53    54    55    56    57    58    59    60    61    62    63    64    65    66    67    68    69    70    71    72    73    74    75    76    77    78    79    80    81    82    83    84    85    86    87    88    89    90    91    92    93    94    95    96    97    98    99   100   101   102   103   104   105   106   107   108   109   110   111   112   113   114   115   116   117   118   119   120   121   122   123   124   125   126   127   128   129   130   131   132   133   134   135   136   137   138   139   140   141   142   143 ]
Accuracy (per label)           [ 0.947 0.493 0.600 0.947 0.653 0.947 0.520 0.493 0.920 0.640 0.973 0.600 0.840 0.520 0.973 0.627 0.960 0.960 0.507 0.653 0.773 0.867 0.440 0.520 0.907 0.627 0.973 0.480 0.987 0.987 0.800 0.907 0.587 0.920 0.467 0.680 0.947 0.533 0.987 0.907 0.987 0.893 0.987 0.947 0.987 0.960 0.853 0.920 0.907 0.987 0.920 0.987 0.960 0.947 0.787 0.827 0.533 0.947 0.920 0.547 0.560 0.933 0.573 0.613 0.800 0.733 0.973 0.987 0.853 0.800 0.987 0.800 0.867 0.947 0.733 0.960 0.907 0.747 0.547 0.827 0.707 0.467 0.987 0.587 0.947 0.840 0.613 0.987 0.640 0.400 0.960 0.587 0.960 0.853 0.507 0.733 0.560 0.507 0.987 0.507 0.680 0.600 0.987 0.813 0.547 0.853 0.760 0.813 0.987 0.973 0.987 0.960 0.973 0.960 0.920 0.947 0.867 0.947 0.800 0.973 0.960 0.987 0.987 0.547 0.760 0.933 0.613 0.987 0.973 0.987 0.973 0.987 0.960 0.907 0.987 0.893 0.947 0.987 0.920 0.827 0.987 0.920 0.933 0.960 ]
Empty labelvectors (predicted) 0    
Label cardinality (predicted)  26.907
Levenshtein distance           0.159


== Additional Measurements (averaged across folds)

Number of training instances   75
Number of test instances       75
Label cardinality (train set)  28.2
Label cardinality (test set)   28.186
Build Time                     0.271
Test Time                      0.041
Total Time                     0.312


Averaging: 0.39085750435431166