== Evaluation Info

Classifier                     Prepare_CC.Base_CC
Options                        [-S, 0, -W, weka.classifiers.trees.J48, --, -C, 0.25, -M, 2]
Additional Info                [1, 134, 81, 63, 101, 99, 37, 25, 35, 83, 19, 13, 59, 129, 139, 145, 104, 137, 12, 107, 87, 22, 41, 149, 121, 29, 75, 132, 77, 14, 55, 141, 111, 94, 143, 67, 115, 85, 117, 136, 69, 108, 147, 65, 110, 48, 72, 95, 76, 53, 66, 52, 135, 105, 44, 119, 64, 9, 32, 23, 5, 128, 131, 30, 27, 7, 60, 93, 39, 116, 28, 18, 6, 78, 84, 2, 26, 36, 24, 33, 120, 98, 10, 34, 61, 20, 97, 54, 43, 142, 57, 109, 73, 38, 88, 21, 16, 122, 42, 144, 133, 58, 124, 118, 102, 56, 82, 114, 49, 100, 70, 150, 92, 130, 15, 80, 90, 46, 89, 51, 31, 17, 68, 123, 62, 148, 47, 74, 113, 96, 3, 125, 40, 45, 106, 140, 4, 0, 8, 11, 146, 79, 103, 86, 112, 126, 50, 127, 91, 71, 138]
Dataset                        CAL500
Number of labels (L)           151
Type                           ML-CV
Threshold                      0.5
Verbosity                      3


== Predictive Performance

Number of test instances (N)   
Accuracy                       0.217
Jaccard index                  0.217
Hamming score                  0.79 
Exact match                    0    
Jaccard distance               0.783
Hamming loss                   0.21 
ZeroOne loss                   1    
Harmonic score                 0.466
One error                      0.64 
Rank loss                      0.382
Avg precision                  0.258
Log Loss (lim. L)              1.055
Log Loss (lim. D)              0.908
F1 (micro averaged)            0.357
F1 (macro averaged by example) 0.346
F1 (macro averaged by label)   0.148
AUPRC (macro averaged)         0.178
AUROC (macro averaged)         0.496
Curve Data                     
Macro Curve Data               
Micro Curve Data               
Label indices                  [     0     1     2     3     4     5     6     7     8     9    10    11    12    13    14    15    16    17    18    19    20    21    22    23    24    25    26    27    28    29    30    31    32    33    34    35    36    37    38    39    40    41    42    43    44    45    46    47    48    49    50    51    52    53    54    55    56    57    58    59    60    61    62    63    64    65    66    67    68    69    70    71    72    73    74    75    76    77    78    79    80    81    82    83    84    85    86    87    88    89    90    91    92    93    94    95    96    97    98    99   100   101   102   103   104   105   106   107   108   109   110   111   112   113   114   115   116   117   118   119   120   121   122   123   124   125   126   127   128   129   130   131   132   133   134   135   136   137   138   139   140   141   142   143   144   145   146   147   148   149   150 ]
Accuracy (per label)           [ 0.640 0.467 0.480 0.880 0.933 0.427 0.693 0.547 0.840 0.533 0.720 0.547 0.827 0.560 0.493 0.760 0.693 0.653 0.827 0.533 0.800 0.560 0.960 0.693 0.680 0.773 0.760 0.467 0.480 0.813 0.840 0.480 0.787 0.520 0.973 0.600 0.813 0.973 0.773 0.987 0.987 0.987 0.787 0.760 0.933 0.933 0.893 0.973 0.893 0.907 0.693 0.920 0.813 0.987 0.627 0.987 0.613 0.987 0.827 0.773 0.640 0.720 0.733 0.613 0.787 0.920 0.653 0.573 0.787 0.667 0.960 0.733 0.973 0.653 0.987 0.587 0.760 0.880 0.533 0.560 0.640 0.507 0.813 0.520 0.787 0.707 0.747 0.667 0.693 0.640 0.973 0.853 0.600 0.907 0.947 0.547 0.547 0.453 0.840 0.893 0.760 0.493 0.600 0.973 0.960 0.547 0.907 0.880 0.800 0.907 0.920 0.987 0.987 0.960 0.933 0.987 0.787 0.733 0.933 0.960 0.987 0.920 0.907 0.920 0.867 0.973 0.813 0.893 0.907 0.653 0.800 0.960 0.920 0.907 0.960 0.907 0.987 0.733 0.987 0.827 0.800 0.987 0.893 0.987 0.973 0.947 0.973 0.987 0.853 0.973 0.973 ]
Empty labelvectors (predicted) 0    
Label cardinality (predicted)  23.267
Levenshtein distance           0.165


== Additional Measurements (averaged across folds)

Number of training instances   75
Number of test instances       75
Label cardinality (train set)  26.081
Label cardinality (test set)   26.13
Build Time                     0.337
Test Time                      0.072
Total Time                     0.409


Averaging: 0.3355867430399025