== Evaluation Info

Classifier                     Prepare_CC.Base_CC
Options                        [-S, 0, -W, weka.classifiers.trees.J48, --, -C, 0.25, -M, 2]
Additional Info                [130, 102, 126, 53, 113, 109, 116, 7, 67, 107, 61, 62, 26, 91, 45, 48, 42, 44, 83, 120, 78, 112, 105, 52, 76, 106, 108, 57, 30, 139, 13, 131, 58, 100, 77, 121, 97, 24, 36, 93, 69, 39, 132, 119, 47, 84, 71, 88, 124, 50, 40, 79, 80, 14, 43, 22, 74, 90, 117, 81, 72, 98, 122, 9, 99, 2, 15, 138, 5, 92, 16, 66, 133, 32, 60, 31, 38, 140, 18, 0, 54, 123, 127, 136, 12, 21, 25, 87, 27, 23, 103, 19, 4, 59, 134, 56, 35, 33, 95, 41, 114, 17, 86, 20, 82, 94, 115, 1, 8, 104, 46, 135, 118, 137, 73, 11, 89, 49, 111, 51, 129, 65, 75, 101, 37, 96, 10, 55, 110, 68, 125, 6, 29, 34, 64, 63, 70, 128, 28, 3, 85]
Dataset                        CAL500
Number of labels (L)           141
Type                           ML-CV
Threshold                      0.5
Verbosity                      3


== Predictive Performance

Number of test instances (N)   
Accuracy                       0.304
Jaccard index                  0.304
Hamming score                  0.807
Exact match                    0    
Jaccard distance               0.696
Hamming loss                   0.193
ZeroOne loss                   1    
Harmonic score                 0.593
One error                      0.013
Rank loss                      0.312
Avg precision                  0.329
Log Loss (lim. L)              0.956
Log Loss (lim. D)              0.837
F1 (micro averaged)            0.464
F1 (macro averaged by example) 0.462
F1 (macro averaged by label)   0.17 
AUPRC (macro averaged)         0.192
AUROC (macro averaged)         0.498
Curve Data                     
Macro Curve Data               
Micro Curve Data               
Label indices                  [     0     1     2     3     4     5     6     7     8     9    10    11    12    13    14    15    16    17    18    19    20    21    22    23    24    25    26    27    28    29    30    31    32    33    34    35    36    37    38    39    40    41    42    43    44    45    46    47    48    49    50    51    52    53    54    55    56    57    58    59    60    61    62    63    64    65    66    67    68    69    70    71    72    73    74    75    76    77    78    79    80    81    82    83    84    85    86    87    88    89    90    91    92    93    94    95    96    97    98    99   100   101   102   103   104   105   106   107   108   109   110   111   112   113   114   115   116   117   118   119   120   121   122   123   124   125   126   127   128   129   130   131   132   133   134   135   136   137   138   139   140 ]
Accuracy (per label)           [ 0.987 0.461 0.605 0.737 0.618 0.697 0.908 0.539 0.566 0.934 0.632 0.684 0.513 0.474 0.987 0.645 0.592 0.513 0.763 0.539 0.987 0.632 0.763 0.829 0.671 0.632 0.632 0.526 0.592 0.868 0.816 0.961 0.974 0.829 0.842 0.908 0.974 0.987 0.987 0.974 0.987 0.737 0.868 0.868 0.987 0.829 0.737 0.987 0.671 0.842 0.776 0.776 0.842 0.947 0.658 0.579 0.737 0.579 0.803 0.987 0.684 0.974 0.987 0.947 0.592 0.987 0.566 0.961 0.803 0.947 0.961 0.987 0.895 0.605 0.697 0.487 0.987 0.513 0.566 0.961 0.526 0.553 0.789 0.553 0.697 0.474 0.974 0.618 0.658 0.763 0.987 0.776 0.579 0.816 0.711 0.921 0.961 0.474 0.947 0.947 0.974 0.697 0.513 0.987 0.961 0.855 0.842 0.882 0.842 0.921 0.987 0.947 0.987 0.539 0.974 0.934 0.895 0.987 0.934 0.737 0.882 0.895 0.855 0.974 0.961 0.882 0.934 0.961 0.855 0.855 0.987 0.961 0.974 0.987 0.987 0.961 0.974 0.855 0.855 0.974 0.987 ]
Empty labelvectors (predicted) 0    
Label cardinality (predicted)  24.487
Levenshtein distance           0.161


== Additional Measurements (averaged across folds)

Number of training instances   76
Number of test instances       76
Label cardinality (train set)  26.342
Label cardinality (test set)   26.325
Build Time                     0.291
Test Time                      0.035
Total Time                     0.326


Averaging: 0.37030302397727616