== Evaluation Info

Classifier                     Prepare_CC.Base_CC
Options                        [-S, 0, -W, weka.classifiers.trees.J48, --, -C, 0.25, -M, 2]
Additional Info                [78, 85, 2, 56, 29, 52, 90, 57, 103, 46, 19, 129, 28, 115, 47, 91, 70, 33, 49, 64, 81, 37, 136, 94, 104, 25, 80, 54, 51, 65, 16, 4, 88, 62, 36, 34, 22, 42, 125, 84, 67, 75, 73, 44, 100, 6, 120, 55, 117, 7, 109, 39, 13, 27, 121, 110, 86, 9, 111, 15, 74, 82, 127, 106, 101, 30, 93, 21, 113, 77, 53, 69, 114, 107, 50, 3, 45, 108, 131, 126, 135, 41, 96, 105, 8, 119, 10, 124, 59, 23, 31, 97, 118, 87, 134, 137, 122, 20, 123, 132, 98, 61, 130, 58, 128, 11, 12, 140, 43, 102, 17, 133, 139, 72, 76, 92, 112, 99, 32, 89, 116, 0, 48, 24, 1, 40, 14, 71, 5, 83, 68, 60, 63, 138, 35, 95, 26, 18, 38, 66, 79]
Dataset                        CAL500
Number of labels (L)           141
Type                           ML-CV
Threshold                      0.5
Verbosity                      3


== Predictive Performance

Number of test instances (N)   
Accuracy                       0.252
Jaccard index                  0.252
Hamming score                  0.796
Exact match                    0    
Jaccard distance               0.748
Hamming loss                   0.204
ZeroOne loss                   1    
Harmonic score                 0.524
One error                      0.571
Rank loss                      0.367
Avg precision                  0.281
Log Loss (lim. L)              1.009
Log Loss (lim. D)              0.821
F1 (micro averaged)            0.402
F1 (macro averaged by example) 0.396
F1 (macro averaged by label)   0.146
AUPRC (macro averaged)         0.184
AUROC (macro averaged)         0.488
Curve Data                     
Macro Curve Data               
Micro Curve Data               
Label indices                  [     0     1     2     3     4     5     6     7     8     9    10    11    12    13    14    15    16    17    18    19    20    21    22    23    24    25    26    27    28    29    30    31    32    33    34    35    36    37    38    39    40    41    42    43    44    45    46    47    48    49    50    51    52    53    54    55    56    57    58    59    60    61    62    63    64    65    66    67    68    69    70    71    72    73    74    75    76    77    78    79    80    81    82    83    84    85    86    87    88    89    90    91    92    93    94    95    96    97    98    99   100   101   102   103   104   105   106   107   108   109   110   111   112   113   114   115   116   117   118   119   120   121   122   123   124   125   126   127   128   129   130   131   132   133   134   135   136   137   138   139   140 ]
Accuracy (per label)           [ 0.821 0.500 0.500 0.929 0.982 0.446 0.929 0.554 0.911 0.607 0.786 0.607 0.607 0.804 0.554 0.804 0.643 0.607 0.964 0.464 0.929 0.571 0.911 0.589 0.679 0.821 0.768 0.679 0.554 0.964 0.929 0.554 0.661 0.982 0.679 0.536 0.982 0.482 0.982 0.982 0.964 0.964 0.875 0.839 0.893 0.911 0.946 0.750 0.982 0.893 0.946 0.982 0.982 0.964 0.946 0.661 0.500 0.911 0.964 0.518 0.482 0.964 0.679 0.536 0.500 0.661 0.929 0.982 0.554 0.982 0.893 0.982 0.982 0.982 0.804 0.982 0.643 0.821 0.857 0.536 0.661 0.875 0.429 0.929 0.429 0.946 0.429 0.839 0.714 0.661 0.375 0.982 0.768 0.589 0.714 0.982 0.607 0.786 0.750 0.714 0.946 0.964 0.446 0.839 0.857 0.464 0.946 0.875 0.982 0.768 0.982 0.964 0.857 0.982 0.804 0.929 0.982 0.982 0.982 0.804 0.929 0.911 0.982 0.750 0.964 0.964 0.696 0.893 0.714 0.661 0.929 0.964 0.857 0.964 0.964 0.964 0.839 0.929 0.964 0.679 0.804 ]
Empty labelvectors (predicted) 0    
Label cardinality (predicted)  22.714
Levenshtein distance           0.17 


== Additional Measurements (averaged across folds)

Number of training instances   56
Number of test instances       56
Label cardinality (train set)  25.393
Label cardinality (test set)   25.43
Build Time                     0.186
Test Time                      0.025
Total Time                     0.211


Averaging: 0.3492917641256081