== Evaluation Info

Classifier                     Prepare_CC.Base_CC
Options                        [-S, 0, -W, weka.classifiers.trees.J48, --, -C, 0.25, -M, 2]
Additional Info                [97, 90, 110, 24, 46, 52, 64, 58, 9, 79, 68, 4, 111, 100, 106, 17, 101, 75, 13, 16, 81, 71, 89, 7, 27, 55, 14, 6, 120, 28, 38, 57, 51, 54, 99, 124, 44, 83, 50, 18, 132, 36, 123, 131, 148, 10, 144, 135, 70, 107, 8, 85, 72, 147, 42, 86, 65, 137, 78, 25, 134, 150, 122, 127, 3, 47, 105, 115, 84, 32, 80, 30, 26, 2, 43, 1, 146, 117, 96, 102, 21, 31, 23, 41, 121, 126, 66, 119, 151, 139, 59, 82, 95, 141, 91, 140, 125, 87, 77, 63, 39, 19, 108, 92, 45, 149, 61, 114, 12, 67, 112, 145, 109, 130, 49, 94, 62, 0, 76, 73, 53, 15, 133, 113, 60, 118, 152, 129, 136, 35, 34, 56, 74, 5, 37, 116, 142, 104, 93, 11, 33, 88, 29, 40, 138, 98, 143, 69, 103, 48, 128, 22, 20]
Dataset                        CAL500
Number of labels (L)           153
Type                           ML-CV
Threshold                      0.5
Verbosity                      3


== Predictive Performance

Number of test instances (N)   
Accuracy                       0.284
Jaccard index                  0.284
Hamming score                  0.814
Exact match                    0    
Jaccard distance               0.716
Hamming loss                   0.186
ZeroOne loss                   1    
Harmonic score                 0.565
One error                      0.477
Rank loss                      0.336
Avg precision                  0.306
Log Loss (lim. L)              0.935
Log Loss (lim. D)              0.875
F1 (micro averaged)            0.443
F1 (macro averaged by example) 0.435
F1 (macro averaged by label)   0.154
AUPRC (macro averaged)         0.178
AUROC (macro averaged)         0.498
Curve Data                     
Macro Curve Data               
Micro Curve Data               
Label indices                  [     0     1     2     3     4     5     6     7     8     9    10    11    12    13    14    15    16    17    18    19    20    21    22    23    24    25    26    27    28    29    30    31    32    33    34    35    36    37    38    39    40    41    42    43    44    45    46    47    48    49    50    51    52    53    54    55    56    57    58    59    60    61    62    63    64    65    66    67    68    69    70    71    72    73    74    75    76    77    78    79    80    81    82    83    84    85    86    87    88    89    90    91    92    93    94    95    96    97    98    99   100   101   102   103   104   105   106   107   108   109   110   111   112   113   114   115   116   117   118   119   120   121   122   123   124   125   126   127   128   129   130   131   132   133   134   135   136   137   138   139   140   141   142   143   144   145   146   147   148   149   150   151   152 ]
Accuracy (per label)           [ 0.883 0.459 0.577 0.964 0.955 0.577 0.946 0.486 0.550 0.712 0.505 0.658 0.685 0.694 0.568 0.955 0.441 0.793 0.937 0.586 0.631 0.541 0.973 0.586 0.631 0.784 0.622 0.667 0.450 0.955 0.964 0.568 0.991 0.604 0.550 0.703 0.991 0.964 0.649 0.955 0.982 0.946 0.901 0.856 0.973 0.946 0.964 0.982 0.973 0.982 0.901 0.937 0.973 0.973 0.748 0.964 0.532 0.964 0.910 0.486 0.441 0.919 0.658 0.514 0.613 0.811 0.973 0.982 0.955 0.811 0.991 0.865 0.973 0.991 0.955 0.991 0.712 0.982 0.973 0.928 0.991 0.604 0.874 0.856 0.541 0.486 0.919 0.523 0.865 0.595 0.559 0.883 0.514 0.838 0.514 0.955 0.757 0.838 0.883 0.991 0.441 0.757 0.622 0.649 0.838 0.667 0.505 0.784 0.982 0.829 0.495 0.874 0.892 0.865 0.982 0.991 0.982 0.991 0.964 0.847 0.892 0.910 0.973 0.865 0.991 0.955 0.946 0.910 0.973 0.955 0.982 0.541 0.775 0.847 0.712 0.973 0.964 0.964 0.991 0.964 0.946 0.973 0.874 0.991 0.793 0.964 0.991 0.892 0.649 0.991 0.892 0.991 0.973 ]
Empty labelvectors (predicted) 0    
Label cardinality (predicted)  24.333
Levenshtein distance           0.157


== Additional Measurements (averaged across folds)

Number of training instances   111
Number of test instances       111
Label cardinality (train set)  26.748
Label cardinality (test set)   26.733
Build Time                     0.429
Test Time                      0.05 
Total Time                     0.478


Averaging: 0.3661428811166853