== Evaluation Info

Classifier                     Prepare_CC.Base_CC
Options                        [-S, 0, -W, weka.classifiers.trees.J48, --, -C, 0.25, -M, 2]
Additional Info                [89, 112, 96, 140, 7, 83, 105, 87, 1, 148, 56, 67, 142, 107, 6, 126, 11, 103, 9, 128, 92, 43, 68, 70, 42, 129, 138, 34, 104, 24, 63, 132, 79, 121, 5, 61, 139, 54, 133, 149, 85, 119, 113, 120, 97, 39, 52, 71, 143, 117, 136, 13, 50, 36, 114, 78, 57, 31, 20, 27, 125, 46, 106, 131, 73, 33, 75, 146, 21, 127, 0, 55, 4, 90, 123, 65, 32, 28, 41, 101, 49, 30, 93, 35, 95, 141, 58, 15, 82, 25, 100, 145, 110, 135, 88, 60, 3, 8, 134, 91, 72, 137, 81, 98, 99, 84, 147, 16, 122, 23, 64, 109, 94, 66, 118, 116, 10, 53, 108, 17, 69, 22, 80, 14, 44, 111, 76, 150, 38, 40, 26, 102, 62, 59, 12, 29, 74, 115, 48, 77, 124, 144, 19, 37, 2, 86, 45, 18, 47, 51, 130]
Dataset                        CAL500
Number of labels (L)           151
Type                           ML-CV
Threshold                      0.5
Verbosity                      3


== Predictive Performance

Number of test instances (N)   
Accuracy                       0.292
Jaccard index                  0.292
Hamming score                  0.814
Exact match                    0    
Jaccard distance               0.708
Hamming loss                   0.186
ZeroOne loss                   1    
Harmonic score                 0.572
One error                      0.118
Rank loss                      0.333
Avg precision                  0.316
Log Loss (lim. L)              0.932
Log Loss (lim. D)              0.825
F1 (micro averaged)            0.449
F1 (macro averaged by example) 0.446
F1 (macro averaged by label)   0.173
AUPRC (macro averaged)         0.188
AUROC (macro averaged)         0.507
Curve Data                     
Macro Curve Data               
Micro Curve Data               
Label indices                  [     0     1     2     3     4     5     6     7     8     9    10    11    12    13    14    15    16    17    18    19    20    21    22    23    24    25    26    27    28    29    30    31    32    33    34    35    36    37    38    39    40    41    42    43    44    45    46    47    48    49    50    51    52    53    54    55    56    57    58    59    60    61    62    63    64    65    66    67    68    69    70    71    72    73    74    75    76    77    78    79    80    81    82    83    84    85    86    87    88    89    90    91    92    93    94    95    96    97    98    99   100   101   102   103   104   105   106   107   108   109   110   111   112   113   114   115   116   117   118   119   120   121   122   123   124   125   126   127   128   129   130   131   132   133   134   135   136   137   138   139   140   141   142   143   144   145   146   147   148   149   150 ]
Accuracy (per label)           [ 0.859 0.918 0.624 0.635 0.600 0.988 0.694 0.788 0.859 0.565 0.506 0.988 0.906 0.600 0.635 0.659 0.459 0.882 0.729 0.682 0.576 0.835 0.635 0.988 0.482 0.847 0.706 0.706 0.812 0.659 0.518 0.976 0.553 0.918 0.753 0.941 0.953 0.800 0.988 0.800 0.941 0.965 0.976 0.953 0.988 0.976 0.765 0.718 0.812 0.976 0.988 0.871 0.882 0.800 0.753 0.694 0.800 0.824 0.976 0.835 0.988 0.506 0.659 0.529 0.659 0.976 0.647 0.988 0.988 0.882 0.600 0.988 0.494 0.824 0.859 0.882 0.988 0.988 0.941 0.941 0.576 0.824 0.976 0.518 0.988 0.588 0.929 0.565 0.765 0.541 0.529 0.941 0.447 0.894 0.565 0.976 0.565 0.788 0.835 0.976 0.824 0.471 0.729 0.729 0.906 0.941 0.424 0.859 0.941 0.871 0.576 0.765 0.871 0.941 0.847 0.812 0.965 0.812 0.965 0.988 0.988 0.918 0.953 0.953 0.494 0.953 0.988 0.871 0.906 0.988 0.800 0.729 0.835 0.871 0.800 0.929 0.965 0.965 0.976 0.941 0.965 0.882 0.988 0.965 0.988 0.929 0.976 0.835 0.824 0.929 0.976 ]
Empty labelvectors (predicted) 0    
Label cardinality (predicted)  24.035
Levenshtein distance           0.156


== Additional Measurements (averaged across folds)

Number of training instances   85
Number of test instances       85
Label cardinality (train set)  26.859
Label cardinality (test set)   26.85
Build Time                     0.292
Test Time                      0.028
Total Time                     0.32 


Averaging: 0.368832607102034