== Evaluation Info

Classifier                     Prepare_CC.Base_CC
Options                        [-S, 0, -W, weka.classifiers.trees.J48, --, -C, 0.25, -M, 2]
Additional Info                [90, 135, 22, 0, 11, 64, 35, 130, 138, 45, 155, 98, 114, 25, 144, 7, 3, 92, 146, 73, 41, 2, 134, 125, 123, 27, 137, 151, 67, 120, 30, 93, 101, 8, 83, 33, 143, 139, 96, 72, 77, 122, 132, 142, 4, 95, 18, 71, 118, 47, 136, 69, 112, 157, 99, 153, 17, 74, 1, 87, 119, 65, 150, 88, 10, 57, 117, 62, 115, 23, 36, 111, 107, 51, 141, 126, 79, 113, 58, 116, 140, 148, 59, 56, 9, 105, 154, 26, 106, 121, 60, 152, 38, 20, 15, 104, 103, 94, 54, 44, 78, 108, 80, 49, 5, 147, 40, 85, 86, 84, 31, 68, 70, 89, 82, 61, 91, 133, 66, 156, 29, 75, 21, 48, 16, 39, 53, 149, 55, 102, 127, 24, 14, 129, 124, 109, 32, 34, 6, 63, 12, 13, 52, 145, 110, 28, 131, 42, 97, 76, 100, 81, 37, 128, 46, 50, 19, 43]
Dataset                        CAL500
Number of labels (L)           158
Type                           ML-CV
Threshold                      0.5
Verbosity                      3


== Predictive Performance

Number of test instances (N)   
Accuracy                       0.268
Jaccard index                  0.268
Hamming score                  0.818
Exact match                    0    
Jaccard distance               0.732
Hamming loss                   0.182
ZeroOne loss                   1    
Harmonic score                 0.538
One error                      0.518
Rank loss                      0.351
Avg precision                  0.292
Log Loss (lim. L)              0.922
Log Loss (lim. D)              0.859
F1 (micro averaged)            0.422
F1 (macro averaged by example) 0.415
F1 (macro averaged by label)   0.144
AUPRC (macro averaged)         0.171
AUROC (macro averaged)         0.496
Curve Data                     
Macro Curve Data               
Micro Curve Data               
Label indices                  [     0     1     2     3     4     5     6     7     8     9    10    11    12    13    14    15    16    17    18    19    20    21    22    23    24    25    26    27    28    29    30    31    32    33    34    35    36    37    38    39    40    41    42    43    44    45    46    47    48    49    50    51    52    53    54    55    56    57    58    59    60    61    62    63    64    65    66    67    68    69    70    71    72    73    74    75    76    77    78    79    80    81    82    83    84    85    86    87    88    89    90    91    92    93    94    95    96    97    98    99   100   101   102   103   104   105   106   107   108   109   110   111   112   113   114   115   116   117   118   119   120   121   122   123   124   125   126   127   128   129   130   131   132   133   134   135   136   137   138   139   140   141   142   143   144   145   146   147   148   149   150   151   152   153   154   155   156   157 ]
Accuracy (per label)           [ 0.821 0.455 0.509 0.946 0.955 0.589 0.964 0.455 0.625 0.616 0.616 0.652 0.679 0.857 0.482 0.884 0.536 0.759 0.964 0.518 0.634 0.545 0.973 0.571 0.732 0.705 0.580 0.652 0.455 0.946 0.973 0.500 0.991 0.545 0.991 0.500 0.661 0.991 0.973 0.536 0.982 0.938 0.982 0.964 0.902 0.884 0.955 0.893 0.973 0.991 0.946 0.982 0.857 0.964 0.964 0.982 0.813 0.955 0.500 0.982 0.938 0.973 0.446 0.420 0.902 0.536 0.446 0.679 0.848 0.982 0.973 0.991 0.821 0.991 0.929 0.955 0.982 0.911 0.991 0.679 0.991 0.991 0.964 0.991 0.554 0.857 0.893 0.491 0.554 0.929 0.500 0.938 0.536 0.991 0.589 0.857 0.545 0.795 0.518 0.955 0.714 0.732 0.857 0.982 0.500 0.795 0.563 0.643 0.902 0.714 0.464 0.821 0.982 0.902 0.482 0.893 0.902 0.839 0.982 0.991 0.982 0.991 0.929 0.848 0.902 0.929 0.982 0.911 0.991 0.929 0.884 0.902 0.964 0.955 0.982 0.679 0.857 0.866 0.598 0.964 0.964 0.929 0.973 0.991 0.929 0.973 0.964 0.902 0.991 0.848 0.982 0.991 0.893 0.777 0.991 0.991 0.866 0.982 ]
Empty labelvectors (predicted) 0    
Label cardinality (predicted)  23.063
Levenshtein distance           0.152


== Additional Measurements (averaged across folds)

Number of training instances   112
Number of test instances       112
Label cardinality (train set)  26.732
Label cardinality (test set)   26.722
Build Time                     0.47 
Test Time                      0.045
Total Time                     0.516


Averaging: 0.36211623976110013