== Evaluation Info

Classifier                     Prepare_CC.Base_CC
Options                        [-S, 0, -W, weka.classifiers.trees.J48, --, -C, 0.25, -M, 2]
Additional Info                [55, 8, 106, 155, 50, 87, 102, 130, 4, 146, 70, 67, 101, 118, 90, 152, 0, 80, 129, 72, 98, 18, 56, 149, 33, 147, 65, 26, 104, 13, 133, 44, 89, 23, 54, 39, 84, 86, 66, 111, 134, 107, 31, 99, 88, 136, 64, 49, 43, 94, 10, 58, 121, 158, 77, 135, 35, 95, 92, 114, 19, 34, 63, 157, 85, 32, 47, 127, 153, 112, 17, 113, 132, 60, 143, 154, 103, 78, 148, 109, 151, 36, 79, 28, 83, 16, 124, 37, 117, 138, 141, 20, 144, 159, 59, 71, 160, 156, 122, 5, 15, 73, 3, 82, 27, 74, 40, 53, 110, 161, 14, 93, 97, 25, 45, 24, 41, 119, 131, 2, 162, 38, 46, 42, 7, 125, 57, 22, 76, 105, 150, 128, 62, 68, 29, 61, 9, 126, 75, 30, 137, 6, 145, 96, 116, 139, 1, 120, 140, 142, 52, 115, 81, 69, 91, 11, 123, 21, 51, 100, 12, 48, 108]
Dataset                        CAL500
Number of labels (L)           163
Type                           ML-CV
Threshold                      0.5
Verbosity                      3


== Predictive Performance

Number of test instances (N)   
Accuracy                       0.203
Jaccard index                  0.203
Hamming score                  0.822
Exact match                    0    
Jaccard distance               0.797
Hamming loss                   0.178
ZeroOne loss                   1    
Harmonic score                 0.448
One error                      0.442
Rank loss                      0.389
Avg precision                  0.23 
Log Loss (lim. L)              0.909
Log Loss (lim. D)              0.828
F1 (micro averaged)            0.332
F1 (macro averaged by example) 0.331
F1 (macro averaged by label)   0.128
AUPRC (macro averaged)         0.154
AUROC (macro averaged)         0.5  
Curve Data                     
Macro Curve Data               
Micro Curve Data               
Label indices                  [     0     1     2     3     4     5     6     7     8     9    10    11    12    13    14    15    16    17    18    19    20    21    22    23    24    25    26    27    28    29    30    31    32    33    34    35    36    37    38    39    40    41    42    43    44    45    46    47    48    49    50    51    52    53    54    55    56    57    58    59    60    61    62    63    64    65    66    67    68    69    70    71    72    73    74    75    76    77    78    79    80    81    82    83    84    85    86    87    88    89    90    91    92    93    94    95    96    97    98    99   100   101   102   103   104   105   106   107   108   109   110   111   112   113   114   115   116   117   118   119   120   121   122   123   124   125   126   127   128   129   130   131   132   133   134   135   136   137   138   139   140   141   142   143   144   145   146   147   148   149   150   151   152   153   154   155   156   157   158   159   160   161   162 ]
Accuracy (per label)           [ 0.981 0.519 0.702 0.702 0.942 0.538 0.692 0.740 0.606 0.606 0.673 0.587 0.558 0.788 0.779 0.587 0.615 0.625 0.567 0.673 0.750 0.490 0.731 0.577 0.471 0.894 0.615 0.760 0.740 0.798 0.865 0.471 0.663 0.663 0.760 0.558 0.702 0.971 0.990 0.962 0.788 0.981 0.971 0.952 0.990 0.981 0.990 0.990 0.962 0.981 0.971 0.952 0.827 0.894 0.990 0.990 0.962 0.923 0.894 0.952 0.981 0.933 0.779 0.875 0.692 0.962 0.740 0.875 0.606 0.567 0.933 0.548 0.577 0.798 0.731 0.990 0.971 0.846 0.577 0.981 0.683 0.923 0.904 0.933 0.942 0.827 0.904 0.894 0.865 0.981 0.538 0.721 0.875 0.567 0.654 0.740 0.788 0.798 0.529 0.760 0.615 0.673 0.529 0.837 0.500 0.990 0.769 0.654 0.923 0.567 0.519 0.702 0.606 0.856 0.817 0.558 0.875 0.865 0.548 0.981 0.962 0.817 0.962 0.981 0.971 0.952 0.990 0.865 0.990 0.933 0.981 0.981 0.760 0.971 0.990 0.962 0.952 0.981 0.990 0.990 0.971 0.913 0.913 0.942 0.904 0.942 0.990 0.990 0.990 0.885 0.990 0.990 0.962 0.913 0.971 0.913 0.971 0.990 0.962 0.942 0.990 0.923 0.952 ]
Empty labelvectors (predicted) 0    
Label cardinality (predicted)  19.471
Levenshtein distance           0.143


== Additional Measurements (averaged across folds)

Number of training instances   104
Number of test instances       104
Label cardinality (train set)  24.087
Label cardinality (test set)   24.085
Build Time                     0.412
Test Time                      0.048
Total Time                     0.461


Averaging: 0.3415354048546873