== Evaluation Info

Classifier                     Prepare_CC.Base_CC
Options                        [-S, 0, -W, weka.classifiers.trees.J48, --, -C, 0.25, -M, 2]
Additional Info                [0, 99, 145, 53, 88, 86, 68, 85, 66, 65, 50, 91, 37, 9, 7, 6, 51, 144, 5, 78, 21, 71, 58, 8, 33, 31, 36, 17, 29, 94, 2, 44, 45, 73, 20, 124, 30, 11, 38, 16, 76, 105, 141, 69, 132, 59, 128, 14, 134, 136, 104, 54, 138, 97, 95, 70, 93, 125, 139, 39, 67, 28, 3, 96, 126, 12, 18, 13, 100, 107, 82, 121, 4, 142, 109, 89, 40, 77, 123, 98, 32, 61, 130, 110, 27, 143, 34, 55, 116, 81, 102, 131, 127, 75, 108, 64, 46, 74, 79, 42, 19, 83, 52, 49, 23, 115, 22, 62, 72, 15, 92, 41, 90, 114, 47, 137, 63, 122, 57, 87, 84, 113, 1, 117, 103, 106, 26, 119, 80, 43, 129, 140, 35, 112, 10, 111, 120, 24, 133, 101, 118, 25, 48, 135, 56, 60]
Dataset                        CAL500
Number of labels (L)           146
Type                           ML-CV
Threshold                      0.5
Verbosity                      3


== Predictive Performance

Number of test instances (N)   
Accuracy                       0.26 
Jaccard index                  0.26 
Hamming score                  0.801
Exact match                    0    
Jaccard distance               0.74 
Hamming loss                   0.199
ZeroOne loss                   1    
Harmonic score                 0.531
One error                      0.481
Rank loss                      0.358
Avg precision                  0.289
Log Loss (lim. L)              0.992
Log Loss (lim. D)              0.794
F1 (micro averaged)            0.409
F1 (macro averaged by example) 0.404
F1 (macro averaged by label)   0.162
AUPRC (macro averaged)         0.183
AUROC (macro averaged)         0.498
Curve Data                     
Macro Curve Data               
Micro Curve Data               
Label indices                  [     0     1     2     3     4     5     6     7     8     9    10    11    12    13    14    15    16    17    18    19    20    21    22    23    24    25    26    27    28    29    30    31    32    33    34    35    36    37    38    39    40    41    42    43    44    45    46    47    48    49    50    51    52    53    54    55    56    57    58    59    60    61    62    63    64    65    66    67    68    69    70    71    72    73    74    75    76    77    78    79    80    81    82    83    84    85    86    87    88    89    90    91    92    93    94    95    96    97    98    99   100   101   102   103   104   105   106   107   108   109   110   111   112   113   114   115   116   117   118   119   120   121   122   123   124   125   126   127   128   129   130   131   132   133   134   135   136   137   138   139   140   141   142   143   144   145 ]
Accuracy (per label)           [ 0.907 0.593 0.407 0.981 0.981 0.426 0.889 0.574 0.630 0.852 0.407 0.870 0.815 0.685 0.537 0.815 0.519 0.926 0.926 0.519 0.593 0.778 0.944 0.463 0.685 0.796 0.500 0.815 0.556 0.944 0.389 0.981 0.426 0.944 0.481 0.815 0.926 0.870 0.981 0.981 0.667 0.981 0.981 0.981 0.926 0.944 0.944 0.907 0.981 0.981 0.981 0.981 0.667 0.722 0.963 0.648 0.963 0.722 0.981 0.815 0.537 0.704 0.463 0.611 0.778 0.981 0.611 0.981 0.500 0.704 0.796 0.944 0.685 0.981 0.611 0.981 0.981 0.370 0.870 0.944 0.500 0.537 0.852 0.519 0.963 0.611 0.463 0.852 0.611 0.926 0.722 0.648 0.852 0.926 0.611 0.611 0.611 0.704 0.981 0.463 0.722 0.611 0.981 0.870 0.648 0.870 0.741 0.944 0.889 0.944 0.981 0.944 0.981 0.981 0.852 0.796 0.815 0.889 0.907 0.981 0.889 0.981 0.981 0.722 0.963 0.944 0.630 0.778 0.981 0.926 0.981 0.981 0.981 0.981 0.722 0.741 0.889 0.963 0.944 0.981 0.963 0.981 0.944 0.963 0.963 0.926 ]
Empty labelvectors (predicted) 0    
Label cardinality (predicted)  23.352
Levenshtein distance           0.161


== Additional Measurements (averaged across folds)

Number of training instances   54
Number of test instances       54
Label cardinality (train set)  25.869
Label cardinality (test set)   25.8
Build Time                     0.178
Test Time                      0.031
Total Time                     0.209


Averaging: 0.3536360641343821