== Evaluation Info

Classifier                     Prepare_CC.Base_CC
Options                        [-S, 0, -W, weka.classifiers.trees.J48, --, -C, 0.25, -M, 2]
Additional Info                [111, 144, 23, 74, 117, 103, 58, 20, 8, 47, 26, 11, 65, 162, 154, 2, 83, 12, 123, 138, 152, 155, 57, 105, 147, 156, 6, 141, 75, 122, 114, 163, 78, 109, 72, 85, 40, 135, 32, 145, 35, 113, 63, 64, 107, 1, 133, 158, 55, 121, 66, 59, 69, 13, 102, 96, 77, 140, 161, 49, 93, 95, 106, 84, 67, 24, 15, 88, 92, 142, 166, 4, 39, 86, 19, 79, 98, 10, 33, 71, 76, 172, 170, 56, 110, 29, 81, 28, 62, 73, 27, 149, 108, 41, 50, 165, 7, 80, 119, 116, 104, 89, 61, 139, 128, 146, 70, 167, 14, 54, 173, 21, 131, 17, 127, 94, 151, 25, 34, 9, 38, 137, 22, 120, 60, 46, 51, 130, 125, 153, 0, 126, 157, 87, 16, 101, 150, 99, 91, 31, 5, 164, 115, 169, 3, 36, 136, 112, 134, 30, 97, 118, 45, 53, 148, 159, 18, 37, 42, 43, 44, 48, 52, 68, 82, 90, 100, 124, 129, 132, 143, 160, 168, 171]
Dataset                        CAL500
Number of labels (L)           174
Type                           ML-CV
Threshold                      0.5
Verbosity                      3


== Predictive Performance

Number of test instances (N)   
Accuracy                       0.276
Jaccard index                  0.276
Hamming score                  0.837
Exact match                    0    
Jaccard distance               0.724
Hamming loss                   0.163
ZeroOne loss                   1    
Harmonic score                 0.557
One error                      0.431
Rank loss                      0.332
Avg precision                  0.288
Log Loss (lim. L)              0.842
Log Loss (lim. D)              0.755
F1 (micro averaged)            0.433
F1 (macro averaged by example) 0.425
F1 (macro averaged by label)   0.137
AUPRC (macro averaged)         NaN
AUROC (macro averaged)         NaN
Curve Data                     
Macro Curve Data               
Micro Curve Data               
Label indices                  [     0     1     2     3     4     5     6     7     8     9    10    11    12    13    14    15    16    17    18    19    20    21    22    23    24    25    26    27    28    29    30    31    32    33    34    35    36    37    38    39    40    41    42    43    44    45    46    47    48    49    50    51    52    53    54    55    56    57    58    59    60    61    62    63    64    65    66    67    68    69    70    71    72    73    74    75    76    77    78    79    80    81    82    83    84    85    86    87    88    89    90    91    92    93    94    95    96    97    98    99   100   101   102   103   104   105   106   107   108   109   110   111   112   113   114   115   116   117   118   119   120   121   122   123   124   125   126   127   128   129   130   131   132   133   134   135   136   137   138   139   140   141   142   143   144   145   146   147   148   149   150   151   152   153   154   155   156   157   158   159   160   161   162   163   164   165   166   167   168   169   170   171   172   173 ]
Accuracy (per label)           [ 0.873 0.539 0.578 0.990 0.971 0.549 0.902 0.441 0.539 0.716 0.529 0.706 0.598 0.706 0.539 0.882 0.520 0.784 0.951 0.529 0.559 0.667 0.931 0.510 0.647 0.804 0.549 0.765 0.618 0.941 0.980 0.490 0.941 0.588 0.971 0.520 0.765 1.000 0.990 0.971 0.471 0.990 1.000 1.000 1.000 0.931 0.980 0.961 1.000 0.892 0.902 0.971 1.000 0.941 0.941 0.980 0.990 0.902 0.961 0.961 0.951 0.980 0.980 0.814 0.922 0.608 0.961 0.931 1.000 0.490 0.520 0.931 0.588 0.549 0.627 0.745 0.980 0.980 0.980 0.765 0.990 0.922 1.000 0.941 0.961 0.990 0.716 0.980 0.980 0.902 1.000 0.461 0.912 0.814 0.529 0.500 0.941 0.569 0.912 0.549 1.000 0.549 0.931 0.490 0.824 0.500 0.951 0.716 0.784 0.833 0.980 0.608 0.765 0.608 0.578 0.892 0.676 0.402 0.794 0.990 0.912 0.500 0.931 0.873 1.000 0.863 0.990 0.990 0.980 1.000 0.980 0.951 1.000 0.833 0.922 0.951 0.990 0.990 0.882 0.990 0.941 0.922 0.902 1.000 0.980 0.971 0.980 0.627 0.824 0.814 0.588 0.971 0.961 0.961 0.990 0.980 0.980 0.980 0.961 0.980 1.000 0.892 0.980 0.843 0.971 0.990 0.931 0.725 1.000 0.990 0.902 1.000 0.990 0.980 ]
Empty labelvectors (predicted) 0    
Label cardinality (predicted)  23.784
Levenshtein distance           0.137


== Additional Measurements (averaged across folds)

Number of training instances   102
Number of test instances       102
Label cardinality (train set)  26.274
Label cardinality (test set)   26.25
Build Time                     0.437
Test Time                      0.065
Total Time                     0.502


Averaging: 0.3710798174614765