== Evaluation Info

Classifier                     Prepare_CC.Base_CC
Options                        [-S, 0, -W, weka.classifiers.trees.J48, --, -C, 0.25, -M, 2]
Additional Info                [98, 93, 103, 30, 54, 81, 42, 85, 158, 39, 9, 112, 91, 87, 173, 7, 13, 5, 57, 170, 164, 120, 40, 107, 12, 162, 172, 132, 72, 28, 64, 127, 121, 78, 136, 14, 141, 69, 149, 126, 65, 115, 92, 17, 117, 77, 45, 166, 44, 99, 129, 63, 102, 109, 34, 18, 19, 105, 36, 101, 139, 80, 70, 155, 75, 128, 73, 67, 130, 86, 24, 26, 142, 21, 169, 27, 15, 90, 35, 100, 171, 160, 41, 66, 51, 53, 96, 124, 11, 111, 114, 3, 125, 163, 1, 108, 153, 135, 6, 138, 156, 22, 2, 119, 150, 46, 79, 154, 140, 56, 37, 32, 118, 59, 23, 31, 74, 89, 106, 8, 165, 43, 58, 134, 116, 147, 161, 148, 10, 16, 110, 168, 94, 83, 33, 97, 167, 52, 60, 76, 25, 47, 146, 104, 137, 29, 20, 113, 62, 0, 4, 38, 48, 49, 50, 55, 61, 68, 71, 82, 84, 88, 95, 122, 123, 131, 133, 143, 144, 145, 151, 152, 157, 159]
Dataset                        CAL500
Number of labels (L)           174
Type                           ML-CV
Threshold                      0.5
Verbosity                      3


== Predictive Performance

Number of test instances (N)   
Accuracy                       0.277
Jaccard index                  0.277
Hamming score                  0.839
Exact match                    0    
Jaccard distance               0.723
Hamming loss                   0.161
ZeroOne loss                   1    
Harmonic score                 0.558
One error                      0.095
Rank loss                      0.324
Avg precision                  0.286
Log Loss (lim. L)              0.829
Log Loss (lim. D)              0.731
F1 (micro averaged)            0.432
F1 (macro averaged by example) 0.428
F1 (macro averaged by label)   0.135
AUPRC (macro averaged)         NaN
AUROC (macro averaged)         NaN
Curve Data                     
Macro Curve Data               
Micro Curve Data               
Label indices                  [     0     1     2     3     4     5     6     7     8     9    10    11    12    13    14    15    16    17    18    19    20    21    22    23    24    25    26    27    28    29    30    31    32    33    34    35    36    37    38    39    40    41    42    43    44    45    46    47    48    49    50    51    52    53    54    55    56    57    58    59    60    61    62    63    64    65    66    67    68    69    70    71    72    73    74    75    76    77    78    79    80    81    82    83    84    85    86    87    88    89    90    91    92    93    94    95    96    97    98    99   100   101   102   103   104   105   106   107   108   109   110   111   112   113   114   115   116   117   118   119   120   121   122   123   124   125   126   127   128   129   130   131   132   133   134   135   136   137   138   139   140   141   142   143   144   145   146   147   148   149   150   151   152   153   154   155   156   157   158   159   160   161   162   163   164   165   166   167   168   169   170   171   172   173 ]
Accuracy (per label)           [ 1.000 0.905 0.916 0.495 1.000 0.768 0.516 0.989 0.768 0.716 0.905 0.484 0.547 0.958 0.989 0.505 0.747 0.547 0.505 0.926 0.779 0.589 0.568 0.758 0.421 0.989 0.621 0.695 0.716 0.726 0.705 0.589 0.400 0.916 0.621 0.789 0.811 0.968 1.000 0.968 0.726 0.989 0.853 0.926 0.947 0.979 0.979 0.968 1.000 1.000 1.000 0.937 0.779 0.726 0.832 1.000 0.989 0.832 0.758 0.989 0.821 1.000 0.874 0.832 0.874 0.811 0.947 0.737 1.000 0.495 0.684 1.000 0.568 0.705 0.979 0.653 0.979 0.989 0.926 0.516 0.989 0.600 1.000 0.958 1.000 0.800 0.884 0.968 1.000 0.989 0.958 0.621 0.747 0.916 0.484 1.000 0.547 0.895 0.505 0.842 0.505 0.579 0.811 0.516 0.726 0.495 0.979 0.695 0.674 0.800 0.989 0.779 0.453 0.768 0.768 0.958 0.968 0.453 0.979 0.937 0.947 0.674 1.000 1.000 0.663 0.979 0.979 0.853 0.821 0.947 0.874 1.000 0.958 1.000 0.989 0.926 0.989 0.979 0.442 0.947 0.989 0.842 0.895 1.000 1.000 1.000 0.989 0.926 0.726 0.905 0.853 1.000 1.000 0.811 0.926 0.968 0.926 1.000 0.958 1.000 0.979 0.947 0.874 0.989 0.958 0.979 0.989 0.979 0.968 0.979 0.905 0.895 0.979 0.989 ]
Empty labelvectors (predicted) 0    
Label cardinality (predicted)  22.947
Levenshtein distance           0.134


== Additional Measurements (averaged across folds)

Number of training instances   95
Number of test instances       95
Label cardinality (train set)  26.263
Label cardinality (test set)   26.237
Build Time                     0.367
Test Time                      0.057
Total Time                     0.424


Averaging: 0.372165440253936