== Evaluation Info

Classifier                     Prepare_CC.Base_CC
Options                        [-S, 0, -W, weka.classifiers.trees.J48, --, -C, 0.25, -M, 2]
Additional Info                [133, 14, 58, 33, 170, 111, 168, 115, 135, 65, 107, 145, 104, 32, 35, 131, 48, 63, 136, 101, 22, 21, 5, 25, 28, 89, 126, 68, 110, 55, 146, 88, 44, 171, 98, 67, 96, 82, 86, 45, 99, 13, 123, 147, 90, 23, 31, 70, 38, 150, 116, 73, 159, 79, 60, 157, 81, 6, 62, 9, 29, 61, 34, 54, 91, 74, 97, 128, 50, 15, 134, 144, 75, 173, 155, 118, 0, 36, 46, 18, 30, 59, 102, 72, 103, 71, 130, 166, 19, 24, 161, 84, 105, 92, 120, 17, 49, 121, 160, 172, 109, 93, 78, 167, 85, 16, 112, 141, 108, 57, 119, 2, 125, 20, 43, 94, 148, 8, 122, 53, 27, 76, 113, 1, 95, 139, 138, 163, 117, 26, 40, 132, 149, 83, 10, 142, 114, 152, 69, 7, 47, 12, 52, 106, 11, 3, 4, 37, 39, 41, 42, 51, 56, 64, 66, 77, 80, 87, 100, 124, 127, 129, 137, 140, 143, 151, 153, 154, 156, 158, 162, 164, 165, 169]
Dataset                        CAL500
Number of labels (L)           174
Type                           ML-CV
Threshold                      0.5
Verbosity                      3


== Predictive Performance

Number of test instances (N)   
Accuracy                       0.268
Jaccard index                  0.268
Hamming score                  0.822
Exact match                    0    
Jaccard distance               0.732
Hamming loss                   0.178
ZeroOne loss                   1    
Harmonic score                 0.549
One error                      0.412
Rank loss                      0.337
Avg precision                  0.283
Log Loss (lim. L)              0.919
Log Loss (lim. D)              0.7  
F1 (micro averaged)            0.42 
F1 (macro averaged by example) 0.414
F1 (macro averaged by label)   0.14 
AUPRC (macro averaged)         NaN
AUROC (macro averaged)         NaN
Curve Data                     
Macro Curve Data               
Micro Curve Data               
Label indices                  [     0     1     2     3     4     5     6     7     8     9    10    11    12    13    14    15    16    17    18    19    20    21    22    23    24    25    26    27    28    29    30    31    32    33    34    35    36    37    38    39    40    41    42    43    44    45    46    47    48    49    50    51    52    53    54    55    56    57    58    59    60    61    62    63    64    65    66    67    68    69    70    71    72    73    74    75    76    77    78    79    80    81    82    83    84    85    86    87    88    89    90    91    92    93    94    95    96    97    98    99   100   101   102   103   104   105   106   107   108   109   110   111   112   113   114   115   116   117   118   119   120   121   122   123   124   125   126   127   128   129   130   131   132   133   134   135   136   137   138   139   140   141   142   143   144   145   146   147   148   149   150   151   152   153   154   155   156   157   158   159   160   161   162   163   164   165   166   167   168   169   170   171   172   173 ]
Accuracy (per label)           [ 0.882 0.529 0.451 1.000 1.000 0.510 0.784 0.490 0.490 0.706 0.471 0.941 0.686 0.765 0.471 0.922 0.549 0.941 0.863 0.490 0.588 0.667 0.784 0.647 0.569 0.863 0.431 0.765 0.471 0.980 0.941 0.569 0.882 0.608 0.784 0.569 0.765 1.000 0.882 1.000 0.686 1.000 1.000 0.961 0.980 0.824 0.980 0.961 0.961 0.902 0.863 1.000 0.980 0.922 0.941 0.961 1.000 0.961 0.980 0.902 0.980 0.980 0.745 0.529 1.000 0.608 1.000 0.961 0.863 0.431 0.647 0.804 0.471 0.667 0.863 0.647 0.980 1.000 0.941 0.569 1.000 0.490 0.980 0.824 0.961 0.980 0.510 1.000 0.980 0.784 0.980 0.627 0.980 0.843 0.608 0.471 0.882 0.490 0.922 0.804 1.000 0.569 0.902 0.569 0.961 0.490 0.980 0.431 0.882 0.824 0.980 0.510 0.588 0.451 0.667 0.902 0.608 0.686 0.706 0.843 0.863 0.471 0.941 0.647 1.000 0.824 0.941 1.000 0.980 1.000 0.922 0.980 0.980 0.843 0.843 0.980 0.765 1.000 0.804 0.980 1.000 0.745 0.941 1.000 0.980 0.980 0.941 0.569 0.765 0.980 0.824 1.000 0.941 1.000 1.000 0.980 1.000 0.980 1.000 0.980 0.882 0.765 1.000 0.941 1.000 1.000 0.902 0.941 0.843 1.000 0.804 0.882 0.922 0.941 ]
Empty labelvectors (predicted) 0    
Label cardinality (predicted)  25.765
Levenshtein distance           0.148


== Additional Measurements (averaged across folds)

Number of training instances   51
Number of test instances       51
Label cardinality (train set)  27.647
Label cardinality (test set)   27.667
Build Time                     0.155
Test Time                      0.032
Total Time                     0.187


Averaging: 0.3634075697486696