== Evaluation Info

Classifier                     Prepare_CC.Base_CC
Options                        [-S, 0, -W, weka.classifiers.trees.J48, --, -C, 0.25, -M, 2]
Additional Info                [105, 10, 129, 164, 80, 137, 122, 107, 71, 98, 165, 70, 138, 52, 55, 91, 141, 74, 16, 117, 127, 65, 4, 19, 24, 167, 64, 42, 81, 134, 33, 2, 120, 87, 123, 13, 62, 36, 114, 153, 84, 30, 166, 136, 25, 125, 73, 37, 133, 135, 172, 109, 54, 23, 11, 3, 163, 132, 162, 146, 5, 128, 7, 83, 157, 116, 20, 149, 121, 72, 89, 88, 47, 67, 79, 113, 102, 0, 17, 53, 154, 112, 100, 126, 31, 35, 78, 156, 103, 6, 29, 58, 21, 38, 147, 99, 96, 130, 8, 1, 68, 158, 104, 15, 111, 9, 41, 27, 160, 59, 95, 50, 66, 14, 22, 86, 118, 40, 39, 77, 60, 142, 101, 12, 115, 119, 124, 49, 26, 148, 85, 170, 97, 34, 63, 32, 143, 145, 139, 18, 28, 108, 155, 75, 161, 93, 150, 43, 46, 57, 82, 56, 140, 94, 92, 106, 69, 48, 44, 45, 51, 61, 76, 90, 110, 131, 144, 151, 152, 159, 168, 169, 171, 173]
Dataset                        CAL500
Number of labels (L)           174
Type                           ML-CV
Threshold                      0.5
Verbosity                      3


== Predictive Performance

Number of test instances (N)   
Accuracy                       0.209
Jaccard index                  0.209
Hamming score                  0.834
Exact match                    0    
Jaccard distance               0.791
Hamming loss                   0.166
ZeroOne loss                   1    
Harmonic score                 0.457
One error                      0.398
Rank loss                      0.368
Avg precision                  0.228
Log Loss (lim. L)              0.855
Log Loss (lim. D)              0.732
F1 (micro averaged)            0.343
F1 (macro averaged by example) 0.338
F1 (macro averaged by label)   0.108
AUPRC (macro averaged)         NaN
AUROC (macro averaged)         NaN
Curve Data                     
Macro Curve Data               
Micro Curve Data               
Label indices                  [     0     1     2     3     4     5     6     7     8     9    10    11    12    13    14    15    16    17    18    19    20    21    22    23    24    25    26    27    28    29    30    31    32    33    34    35    36    37    38    39    40    41    42    43    44    45    46    47    48    49    50    51    52    53    54    55    56    57    58    59    60    61    62    63    64    65    66    67    68    69    70    71    72    73    74    75    76    77    78    79    80    81    82    83    84    85    86    87    88    89    90    91    92    93    94    95    96    97    98    99   100   101   102   103   104   105   106   107   108   109   110   111   112   113   114   115   116   117   118   119   120   121   122   123   124   125   126   127   128   129   130   131   132   133   134   135   136   137   138   139   140   141   142   143   144   145   146   147   148   149   150   151   152   153   154   155   156   157   158   159   160   161   162   163   164   165   166   167   168   169   170   171   172   173 ]
Accuracy (per label)           [ 0.976 0.578 0.699 0.819 0.940 0.470 0.675 0.663 0.566 0.651 0.578 0.663 0.578 0.819 0.807 0.542 0.566 0.831 0.614 0.614 0.602 0.639 0.663 0.602 0.494 0.807 0.578 0.795 0.675 0.807 0.880 0.386 0.687 0.639 0.723 0.578 0.639 0.976 0.988 0.952 0.675 0.976 0.976 0.952 0.988 1.000 0.988 0.988 0.964 0.988 0.976 1.000 0.940 0.795 0.843 0.988 0.988 0.964 0.892 0.867 0.940 1.000 0.952 0.831 0.819 0.590 0.964 0.819 0.916 0.711 0.434 0.952 0.651 0.602 0.723 0.651 1.000 0.976 0.880 0.554 0.964 0.687 0.940 0.928 0.952 0.952 0.867 0.940 0.928 0.867 1.000 0.614 0.759 0.928 0.530 0.639 0.759 0.795 0.807 0.566 0.795 0.675 0.795 0.506 0.916 0.506 0.988 0.759 0.795 0.940 1.000 0.530 0.614 0.699 0.699 0.904 0.843 0.446 0.867 0.988 0.783 0.518 0.964 0.976 0.904 0.952 0.976 0.940 0.988 0.988 0.892 1.000 0.988 0.988 0.940 0.964 0.988 0.988 0.735 0.988 0.988 0.976 0.976 0.988 1.000 0.988 0.976 0.843 0.880 0.867 0.795 1.000 1.000 0.892 0.988 0.988 0.988 0.916 0.988 1.000 0.988 0.964 0.976 0.807 0.988 0.988 0.964 0.892 1.000 1.000 0.964 1.000 0.976 1.000 ]
Empty labelvectors (predicted) 0    
Label cardinality (predicted)  19.711
Levenshtein distance           0.133


== Additional Measurements (averaged across folds)

Number of training instances   83
Number of test instances       83
Label cardinality (train set)  24.169
Label cardinality (test set)   24.193
Build Time                     0.317
Test Time                      0.047
Total Time                     0.365


Averaging: 0.34763470140500236