== Evaluation Info

Classifier                     Prepare_CC.Base_CC
Options                        [-S, 0, -W, weka.classifiers.trees.J48, --, -C, 0.25, -M, 2]
Additional Info                [40, 104, 25, 171, 130, 1, 77, 170, 152, 142, 114, 54, 58, 5, 98, 23, 159, 148, 24, 88, 43, 166, 144, 94, 32, 19, 13, 103, 44, 14, 133, 89, 157, 119, 161, 57, 55, 12, 45, 122, 124, 60, 18, 113, 16, 21, 15, 173, 136, 147, 71, 121, 112, 96, 74, 30, 79, 50, 169, 2, 78, 62, 87, 163, 73, 168, 164, 27, 38, 101, 108, 99, 172, 68, 67, 91, 17, 7, 8, 61, 80, 72, 138, 92, 46, 117, 65, 10, 69, 141, 97, 28, 29, 134, 63, 123, 93, 106, 70, 132, 48, 95, 35, 128, 0, 76, 116, 160, 59, 53, 26, 66, 110, 131, 64, 111, 145, 81, 22, 155, 75, 125, 86, 6, 105, 135, 20, 120, 107, 31, 36, 42, 33, 52, 102, 118, 84, 126, 9, 127, 109, 139, 146, 34, 115, 49, 85, 82, 167, 150, 47, 83, 3, 4, 11, 37, 39, 41, 51, 56, 90, 100, 129, 137, 140, 143, 149, 151, 153, 154, 156, 158, 162, 165]
Dataset                        CAL500
Number of labels (L)           174
Type                           ML-CV
Threshold                      0.5
Verbosity                      3


== Predictive Performance

Number of test instances (N)   
Accuracy                       0.297
Jaccard index                  0.297
Hamming score                  0.844
Exact match                    0    
Jaccard distance               0.703
Hamming loss                   0.156
ZeroOne loss                   1    
Harmonic score                 0.572
One error                      0.429
Rank loss                      0.321
Avg precision                  0.309
Log Loss (lim. L)              0.805
Log Loss (lim. D)              0.628
F1 (micro averaged)            0.456
F1 (macro averaged by example) 0.451
F1 (macro averaged by label)   0.143
AUPRC (macro averaged)         NaN
AUROC (macro averaged)         NaN
Curve Data                     
Macro Curve Data               
Micro Curve Data               
Label indices                  [     0     1     2     3     4     5     6     7     8     9    10    11    12    13    14    15    16    17    18    19    20    21    22    23    24    25    26    27    28    29    30    31    32    33    34    35    36    37    38    39    40    41    42    43    44    45    46    47    48    49    50    51    52    53    54    55    56    57    58    59    60    61    62    63    64    65    66    67    68    69    70    71    72    73    74    75    76    77    78    79    80    81    82    83    84    85    86    87    88    89    90    91    92    93    94    95    96    97    98    99   100   101   102   103   104   105   106   107   108   109   110   111   112   113   114   115   116   117   118   119   120   121   122   123   124   125   126   127   128   129   130   131   132   133   134   135   136   137   138   139   140   141   142   143   144   145   146   147   148   149   150   151   152   153   154   155   156   157   158   159   160   161   162   163   164   165   166   167   168   169   170   171   172   173 ]
Accuracy (per label)           [ 0.911 0.536 0.393 1.000 1.000 0.446 0.768 0.589 0.589 0.839 0.464 1.000 0.714 0.661 0.464 0.982 0.607 0.982 0.625 0.607 0.500 0.821 0.911 0.464 0.536 0.857 0.625 0.893 0.554 0.946 0.982 0.714 0.964 0.554 0.929 0.536 0.821 1.000 0.893 1.000 0.786 1.000 0.982 0.946 0.982 0.911 0.946 0.946 0.982 0.929 0.893 1.000 0.982 0.982 0.893 0.911 1.000 0.964 0.982 0.946 0.982 0.929 0.750 0.661 0.982 0.643 0.982 0.964 0.893 0.643 0.536 0.857 0.589 0.768 0.857 0.804 0.964 0.982 0.893 0.625 0.982 0.625 0.964 0.821 0.893 0.982 0.661 0.982 0.929 0.786 1.000 0.482 0.982 0.875 0.786 0.500 0.946 0.446 0.946 0.786 1.000 0.339 0.946 0.518 0.982 0.625 0.964 0.625 0.929 0.768 0.982 0.500 0.714 0.554 0.661 0.964 0.714 0.821 0.714 0.946 0.875 0.571 0.893 0.696 0.893 0.804 0.946 0.982 0.982 1.000 0.804 0.982 0.982 0.929 0.857 0.982 0.929 1.000 0.857 0.946 1.000 0.857 0.946 1.000 0.929 0.982 0.964 0.821 0.911 1.000 0.893 1.000 0.929 1.000 1.000 0.982 1.000 0.964 1.000 0.929 0.875 0.911 1.000 0.929 0.982 1.000 0.964 0.911 0.964 0.982 0.964 0.857 0.964 0.946 ]
Empty labelvectors (predicted) 0    
Label cardinality (predicted)  22.982
Levenshtein distance           0.134


== Additional Measurements (averaged across folds)

Number of training instances   56
Number of test instances       56
Label cardinality (train set)  26.911
Label cardinality (test set)   26.913
Build Time                     0.156
Test Time                      0.03 
Total Time                     0.186


Averaging: 0.38039507480699