== Evaluation Info

Classifier                     Prepare_CC.Base_CC
Options                        [-S, 0, -W, weka.classifiers.trees.J48, --, -C, 0.25, -M, 2]
Additional Info                [42, 1, 110, 11, 12, 63, 81, 31, 51, 18, 27, 134, 3, 136, 83, 154, 139, 23, 124, 19, 64, 102, 86, 54, 91, 138, 72, 140, 7, 75, 104, 135, 156, 58, 150, 9, 160, 98, 78, 6, 155, 20, 5, 69, 95, 126, 163, 79, 172, 125, 25, 37, 171, 73, 97, 56, 92, 101, 52, 103, 62, 107, 129, 158, 43, 65, 127, 153, 33, 168, 120, 67, 77, 34, 10, 165, 39, 71, 106, 173, 164, 41, 15, 128, 85, 147, 87, 131, 89, 170, 118, 17, 137, 32, 59, 169, 167, 21, 13, 115, 48, 113, 8, 36, 141, 109, 96, 44, 121, 166, 148, 14, 68, 119, 112, 2, 28, 130, 108, 100, 45, 94, 70, 116, 66, 60, 117, 93, 40, 90, 35, 149, 26, 46, 99, 142, 30, 57, 29, 16, 24, 74, 47, 132, 105, 76, 162, 114, 53, 146, 111, 161, 22, 0, 4, 38, 49, 50, 55, 61, 80, 82, 84, 88, 122, 123, 133, 143, 144, 145, 151, 152, 157, 159]
Dataset                        CAL500
Number of labels (L)           174
Type                           ML-CV
Threshold                      0.5
Verbosity                      3


== Predictive Performance

Number of test instances (N)   
Accuracy                       0.291
Jaccard index                  0.291
Hamming score                  0.839
Exact match                    0    
Jaccard distance               0.709
Hamming loss                   0.161
ZeroOne loss                   1    
Harmonic score                 0.578
One error                      0.126
Rank loss                      0.32 
Avg precision                  0.298
Log Loss (lim. L)              0.832
Log Loss (lim. D)              0.748
F1 (micro averaged)            0.447
F1 (macro averaged by example) 0.443
F1 (macro averaged by label)   0.149
AUPRC (macro averaged)         NaN
AUROC (macro averaged)         NaN
Curve Data                     
Macro Curve Data               
Micro Curve Data               
Label indices                  [     0     1     2     3     4     5     6     7     8     9    10    11    12    13    14    15    16    17    18    19    20    21    22    23    24    25    26    27    28    29    30    31    32    33    34    35    36    37    38    39    40    41    42    43    44    45    46    47    48    49    50    51    52    53    54    55    56    57    58    59    60    61    62    63    64    65    66    67    68    69    70    71    72    73    74    75    76    77    78    79    80    81    82    83    84    85    86    87    88    89    90    91    92    93    94    95    96    97    98    99   100   101   102   103   104   105   106   107   108   109   110   111   112   113   114   115   116   117   118   119   120   121   122   123   124   125   126   127   128   129   130   131   132   133   134   135   136   137   138   139   140   141   142   143   144   145   146   147   148   149   150   151   152   153   154   155   156   157   158   159   160   161   162   163   164   165   166   167   168   169   170   171   172   173 ]
Accuracy (per label)           [ 1.000 0.835 0.961 0.612 1.000 0.689 0.456 0.990 0.728 0.738 0.864 0.544 0.602 0.961 0.990 0.621 0.738 0.621 0.573 0.903 0.748 0.583 0.505 0.689 0.524 0.990 0.602 0.806 0.748 0.631 0.738 0.573 0.515 0.835 0.592 0.757 0.767 0.971 1.000 0.981 0.816 0.981 0.738 0.942 0.961 0.981 0.990 0.942 0.990 1.000 1.000 0.893 0.816 0.777 0.816 1.000 0.990 0.903 0.835 0.990 0.767 1.000 0.835 0.689 0.796 0.796 0.951 0.660 0.990 0.553 0.621 0.981 0.553 0.641 0.981 0.641 0.971 0.990 0.971 0.612 1.000 0.553 1.000 0.951 1.000 0.825 0.854 0.971 1.000 0.961 0.942 0.476 0.777 0.981 0.437 0.990 0.456 0.922 0.534 0.796 0.505 0.437 0.835 0.553 0.777 0.660 0.981 0.612 0.689 0.845 0.990 0.718 0.553 0.786 0.738 0.932 0.981 0.650 0.981 0.903 0.893 0.689 1.000 1.000 0.728 0.903 0.971 0.903 0.835 0.932 0.874 0.990 0.971 1.000 0.951 0.942 0.961 0.951 0.573 0.961 0.990 0.864 0.942 1.000 1.000 1.000 0.990 0.883 0.709 0.835 0.883 1.000 1.000 0.874 0.922 0.971 0.942 1.000 0.971 1.000 0.971 0.961 0.825 0.990 0.961 0.981 0.990 0.981 0.961 0.981 0.883 0.777 0.971 0.990 ]
Empty labelvectors (predicted) 0    
Label cardinality (predicted)  24.388
Levenshtein distance           0.136


== Additional Measurements (averaged across folds)

Number of training instances   103
Number of test instances       103
Label cardinality (train set)  26.388
Label cardinality (test set)   26.365
Build Time                     0.386
Test Time                      0.05 
Total Time                     0.436


Averaging: 0.37646568979665057