== Evaluation Info

Classifier                     Prepare_CC.Base_CC
Options                        [-S, 0, -W, weka.classifiers.trees.J48, --, -C, 0.25, -M, 2]
Additional Info                [146, 67, 72, 54, 106, 45, 26, 39, 69, 0, 24, 15, 6, 158, 7, 142, 124, 167, 145, 80, 62, 73, 27, 19, 125, 55, 8, 117, 159, 18, 63, 48, 70, 130, 114, 109, 58, 32, 47, 172, 120, 169, 50, 165, 115, 123, 43, 95, 10, 65, 164, 16, 52, 140, 71, 111, 134, 22, 37, 41, 122, 91, 77, 132, 74, 61, 83, 25, 79, 107, 161, 20, 9, 94, 11, 33, 31, 84, 38, 126, 29, 28, 81, 14, 2, 160, 21, 76, 36, 57, 143, 30, 96, 153, 135, 148, 85, 100, 66, 149, 170, 103, 98, 104, 154, 64, 53, 93, 56, 105, 101, 60, 129, 12, 156, 157, 141, 127, 34, 155, 87, 78, 44, 13, 35, 17, 137, 89, 40, 3, 163, 116, 4, 144, 162, 86, 102, 75, 97, 139, 49, 1, 166, 118, 23, 92, 147, 128, 59, 112, 82, 99, 68, 150, 113, 5, 108, 42, 121, 88, 138, 46, 51, 90, 110, 119, 131, 133, 136, 151, 152, 168, 171, 173]
Dataset                        CAL500
Number of labels (L)           174
Type                           ML-CV
Threshold                      0.5
Verbosity                      3


== Predictive Performance

Number of test instances (N)   
Accuracy                       0.2  
Jaccard index                  0.2  
Hamming score                  0.829
Exact match                    0    
Jaccard distance               0.8  
Hamming loss                   0.171
ZeroOne loss                   1    
Harmonic score                 0.441
One error                      0.352
Rank loss                      0.376
Avg precision                  0.223
Log Loss (lim. L)              0.884
Log Loss (lim. D)              0.773
F1 (micro averaged)            0.329
F1 (macro averaged by example) 0.324
F1 (macro averaged by label)   0.113
AUPRC (macro averaged)         NaN
AUROC (macro averaged)         NaN
Curve Data                     
Macro Curve Data               
Micro Curve Data               
Label indices                  [     0     1     2     3     4     5     6     7     8     9    10    11    12    13    14    15    16    17    18    19    20    21    22    23    24    25    26    27    28    29    30    31    32    33    34    35    36    37    38    39    40    41    42    43    44    45    46    47    48    49    50    51    52    53    54    55    56    57    58    59    60    61    62    63    64    65    66    67    68    69    70    71    72    73    74    75    76    77    78    79    80    81    82    83    84    85    86    87    88    89    90    91    92    93    94    95    96    97    98    99   100   101   102   103   104   105   106   107   108   109   110   111   112   113   114   115   116   117   118   119   120   121   122   123   124   125   126   127   128   129   130   131   132   133   134   135   136   137   138   139   140   141   142   143   144   145   146   147   148   149   150   151   152   153   154   155   156   157   158   159   160   161   162   163   164   165   166   167   168   169   170   171   172   173 ]
Accuracy (per label)           [ 0.978 0.648 0.670 0.791 0.934 0.516 0.538 0.670 0.549 0.571 0.593 0.549 0.626 0.791 0.890 0.473 0.604 0.703 0.582 0.593 0.637 0.527 0.648 0.626 0.538 0.846 0.593 0.736 0.747 0.758 0.868 0.473 0.593 0.637 0.714 0.648 0.626 0.978 0.989 0.901 0.703 0.989 0.967 0.967 0.989 0.956 1.000 0.989 0.912 0.989 0.978 1.000 0.945 0.824 0.824 0.989 0.989 0.967 0.901 0.857 0.945 0.967 0.890 0.681 0.813 0.604 0.978 0.769 0.868 0.582 0.604 0.901 0.571 0.615 0.725 0.681 0.989 0.956 0.857 0.505 0.978 0.714 0.901 0.923 0.923 0.901 0.813 0.945 0.923 0.879 1.000 0.637 0.769 0.857 0.505 0.692 0.725 0.747 0.725 0.736 0.802 0.681 0.813 0.538 0.934 0.341 0.989 0.846 0.769 0.912 1.000 0.659 0.560 0.637 0.626 0.923 0.868 0.516 0.912 1.000 0.868 0.626 0.978 0.967 0.769 0.956 0.978 0.956 0.967 0.989 0.890 1.000 0.989 1.000 0.923 0.978 1.000 0.978 0.769 0.967 0.989 0.956 0.989 0.967 0.989 0.989 0.956 0.912 0.857 0.890 0.802 1.000 1.000 0.857 0.989 0.989 0.989 0.890 0.989 0.989 0.978 0.890 0.956 0.835 0.989 0.989 0.967 0.912 1.000 0.989 0.923 1.000 0.978 1.000 ]
Empty labelvectors (predicted) 0    
Label cardinality (predicted)  20.11
Levenshtein distance           0.135


== Additional Measurements (averaged across folds)

Number of training instances   91
Number of test instances       91
Label cardinality (train set)  24.352
Label cardinality (test set)   24.349
Build Time                     0.325
Test Time                      0.047
Total Time                     0.372


Averaging: 0.34294700094570274