== Evaluation Info

Classifier                     Prepare_CC.Base_CC
Options                        [-S, 0, -W, weka.classifiers.trees.J48, --, -C, 0.25, -M, 2]
Additional Info                [108, 73, 30, 92, 113, 46, 66, 72, 142, 25, 68, 1, 136, 69, 130, 77, 114, 151, 10, 101, 7, 131, 107, 27, 82, 11, 125, 31, 119, 98, 37, 9, 148, 120, 123, 5, 3, 155, 74, 26, 93, 63, 19, 12, 152, 41, 40, 84, 118, 97, 20, 134, 112, 95, 106, 16, 110, 99, 90, 141, 116, 94, 75, 149, 81, 143, 145, 0, 105, 60, 126, 36, 49, 140, 6, 104, 29, 13, 138, 167, 35, 157, 17, 67, 80, 117, 33, 121, 23, 14, 28, 50, 115, 32, 4, 57, 164, 70, 71, 109, 159, 61, 21, 166, 79, 59, 86, 65, 171, 64, 100, 111, 122, 133, 96, 103, 144, 147, 163, 52, 91, 170, 2, 24, 102, 15, 8, 18, 22, 34, 38, 39, 42, 43, 44, 45, 47, 48, 51, 53, 54, 55, 56, 58, 62, 76, 78, 83, 85, 87, 88, 89, 124, 127, 128, 129, 132, 135, 137, 139, 146, 150, 153, 154, 156, 158, 160, 161, 162, 165, 168, 169, 172, 173]
Dataset                        CAL500
Number of labels (L)           174
Type                           ML-CV
Threshold                      0.5
Verbosity                      3


== Predictive Performance

Number of test instances (N)   
Accuracy                       0.34 
Jaccard index                  0.34 
Hamming score                  0.839
Exact match                    0    
Jaccard distance               0.66 
Hamming loss                   0.161
ZeroOne loss                   1    
Harmonic score                 0.627
One error                      0.51 
Rank loss                      0.308
Avg precision                  0.352
Log Loss (lim. L)              0.833
Log Loss (lim. D)              0.635
F1 (micro averaged)            0.499
F1 (macro averaged by example) 0.496
F1 (macro averaged by label)   0.156
AUPRC (macro averaged)         NaN
AUROC (macro averaged)         NaN
Curve Data                     
Macro Curve Data               
Micro Curve Data               
Label indices                  [     0     1     2     3     4     5     6     7     8     9    10    11    12    13    14    15    16    17    18    19    20    21    22    23    24    25    26    27    28    29    30    31    32    33    34    35    36    37    38    39    40    41    42    43    44    45    46    47    48    49    50    51    52    53    54    55    56    57    58    59    60    61    62    63    64    65    66    67    68    69    70    71    72    73    74    75    76    77    78    79    80    81    82    83    84    85    86    87    88    89    90    91    92    93    94    95    96    97    98    99   100   101   102   103   104   105   106   107   108   109   110   111   112   113   114   115   116   117   118   119   120   121   122   123   124   125   126   127   128   129   130   131   132   133   134   135   136   137   138   139   140   141   142   143   144   145   146   147   148   149   150   151   152   153   154   155   156   157   158   159   160   161   162   163   164   165   166   167   168   169   170   171   172   173 ]
Accuracy (per label)           [ 0.490 0.784 0.627 0.863 0.608 0.549 0.882 0.510 1.000 0.647 0.980 0.784 0.588 0.784 0.627 0.824 0.941 0.490 1.000 0.765 0.980 0.667 1.000 0.843 0.961 0.471 0.961 0.569 0.451 0.980 0.725 0.686 0.961 0.686 1.000 0.725 0.569 0.922 1.000 1.000 0.941 0.980 1.000 1.000 1.000 1.000 0.941 1.000 1.000 0.706 0.882 1.000 0.980 1.000 1.000 1.000 1.000 0.980 1.000 0.627 0.961 0.843 1.000 0.980 0.902 0.608 0.863 0.902 0.706 0.902 0.471 0.725 0.510 0.706 0.490 0.863 1.000 0.941 1.000 0.529 0.980 0.941 0.627 1.000 0.647 1.000 0.667 1.000 1.000 1.000 0.980 0.725 0.588 0.843 0.608 0.510 0.725 0.549 0.882 0.569 0.863 0.725 0.667 0.902 0.569 0.490 0.980 0.765 0.588 0.922 0.980 0.588 0.824 0.686 0.941 0.647 0.843 0.471 0.647 0.980 0.824 0.627 0.725 0.863 1.000 0.882 0.980 1.000 1.000 1.000 0.922 0.980 1.000 0.510 0.667 1.000 0.882 1.000 0.706 1.000 0.941 0.980 0.824 0.980 0.843 0.784 1.000 0.725 0.980 0.824 1.000 0.902 0.922 1.000 1.000 0.980 1.000 0.686 1.000 0.843 1.000 1.000 1.000 0.667 0.882 1.000 0.980 0.922 1.000 1.000 0.922 0.980 1.000 1.000 ]
Empty labelvectors (predicted) 0    
Label cardinality (predicted)  27.51
Levenshtein distance           0.135


== Additional Measurements (averaged across folds)

Number of training instances   51
Number of test instances       51
Label cardinality (train set)  28.627
Label cardinality (test set)   28.63
Build Time                     0.114
Test Time                      0.022
Total Time                     0.136


Averaging: 0.3928520248977992