== Evaluation Info

Classifier                     Prepare_CC.Base_CC
Options                        [-S, 0, -W, weka.classifiers.trees.J48, --, -C, 0.25, -M, 2]
Additional Info                [138, 67, 62, 114, 12, 148, 126, 161, 20, 123, 5, 64, 41, 90, 22, 120, 29, 7, 25, 103, 147, 26, 97, 21, 109, 162, 77, 117, 106, 47, 39, 58, 19, 15, 145, 140, 125, 159, 131, 85, 79, 124, 71, 31, 72, 11, 1, 110, 51, 152, 10, 98, 130, 80, 73, 9, 149, 150, 89, 91, 69, 88, 173, 6, 23, 66, 102, 170, 167, 76, 42, 63, 18, 55, 83, 33, 119, 151, 108, 104, 82, 59, 70, 4, 142, 135, 112, 136, 156, 61, 65, 166, 101, 144, 74, 24, 40, 81, 27, 139, 141, 8, 153, 163, 134, 14, 30, 169, 95, 116, 35, 94, 164, 32, 165, 122, 155, 158, 36, 53, 0, 78, 146, 75, 60, 118, 157, 16, 57, 46, 49, 121, 54, 2, 56, 86, 127, 133, 13, 111, 45, 99, 96, 84, 92, 28, 115, 38, 3, 87, 113, 50, 17, 34, 107, 93, 105, 128, 37, 43, 44, 48, 52, 68, 100, 129, 132, 137, 143, 154, 160, 168, 171, 172]
Dataset                        CAL500
Number of labels (L)           174
Type                           ML-CV
Threshold                      0.5
Verbosity                      3


== Predictive Performance

Number of test instances (N)   
Accuracy                       0.264
Jaccard index                  0.264
Hamming score                  0.834
Exact match                    0    
Jaccard distance               0.736
Hamming loss                   0.166
ZeroOne loss                   1    
Harmonic score                 0.541
One error                      0.481
Rank loss                      0.345
Avg precision                  0.28 
Log Loss (lim. L)              0.855
Log Loss (lim. D)              0.776
F1 (micro averaged)            0.417
F1 (macro averaged by example) 0.411
F1 (macro averaged by label)   0.116
AUPRC (macro averaged)         NaN
AUROC (macro averaged)         NaN
Curve Data                     
Macro Curve Data               
Micro Curve Data               
Label indices                  [     0     1     2     3     4     5     6     7     8     9    10    11    12    13    14    15    16    17    18    19    20    21    22    23    24    25    26    27    28    29    30    31    32    33    34    35    36    37    38    39    40    41    42    43    44    45    46    47    48    49    50    51    52    53    54    55    56    57    58    59    60    61    62    63    64    65    66    67    68    69    70    71    72    73    74    75    76    77    78    79    80    81    82    83    84    85    86    87    88    89    90    91    92    93    94    95    96    97    98    99   100   101   102   103   104   105   106   107   108   109   110   111   112   113   114   115   116   117   118   119   120   121   122   123   124   125   126   127   128   129   130   131   132   133   134   135   136   137   138   139   140   141   142   143   144   145   146   147   148   149   150   151   152   153   154   155   156   157   158   159   160   161   162   163   164   165   166   167   168   169   170   171   172   173 ]
Accuracy (per label)           [ 0.861 0.519 0.435 0.972 0.972 0.583 0.972 0.565 0.565 0.667 0.500 0.676 0.620 0.861 0.509 0.963 0.417 0.750 0.935 0.463 0.583 0.593 0.954 0.417 0.648 0.731 0.639 0.722 0.444 0.963 0.972 0.546 0.981 0.630 0.991 0.500 0.694 1.000 0.991 0.954 0.620 0.991 0.991 1.000 1.000 0.963 0.972 0.954 1.000 0.861 0.907 0.954 1.000 0.944 0.972 0.991 0.991 0.935 0.963 0.935 0.944 0.981 0.981 0.824 0.926 0.370 0.935 0.889 1.000 0.546 0.519 0.944 0.676 0.444 0.639 0.870 0.963 0.972 0.991 0.852 0.991 0.889 0.981 0.991 0.963 0.991 0.769 0.981 0.991 0.963 0.991 0.537 0.898 0.898 0.546 0.417 0.944 0.509 0.935 0.611 1.000 0.583 0.880 0.537 0.759 0.389 0.944 0.741 0.806 0.769 0.972 0.491 0.824 0.685 0.602 0.907 0.676 0.454 0.796 0.963 0.769 0.481 0.898 0.852 0.991 0.843 0.972 0.981 0.972 1.000 0.981 0.963 1.000 0.852 0.935 0.917 0.981 1.000 0.880 0.991 0.935 0.935 0.926 1.000 0.981 0.963 0.981 0.574 0.704 0.796 0.731 0.954 0.963 0.963 1.000 0.991 0.981 0.972 0.954 0.981 1.000 0.944 0.981 0.778 0.954 0.991 0.861 0.731 1.000 0.991 0.861 1.000 1.000 0.981 ]
Empty labelvectors (predicted) 0    
Label cardinality (predicted)  22.917
Levenshtein distance           0.138


== Additional Measurements (averaged across folds)

Number of training instances   108
Number of test instances       108
Label cardinality (train set)  26.509
Label cardinality (test set)   26.455
Build Time                     0.439
Test Time                      0.061
Total Time                     0.5  


Averaging: 0.36622685294064294