== Evaluation Info

Classifier                     Prepare_CC.Base_CC
Options                        [-S, 0, -W, weka.classifiers.trees.J48, --, -C, 0.25, -M, 2]
Additional Info                [3, 69, 97, 105, 30, 131, 32, 53, 172, 92, 93, 117, 121, 86, 84, 24, 63, 42, 27, 43, 5, 55, 22, 11, 4, 59, 9, 19, 47, 168, 161, 155, 152, 118, 73, 109, 75, 20, 124, 151, 165, 6, 56, 110, 0, 166, 107, 148, 33, 85, 127, 96, 83, 146, 40, 150, 79, 61, 2, 44, 147, 36, 72, 13, 17, 60, 134, 10, 76, 12, 48, 8, 35, 135, 119, 66, 89, 87, 167, 71, 104, 120, 64, 115, 54, 49, 62, 138, 103, 125, 34, 65, 67, 170, 94, 1, 82, 122, 164, 111, 173, 149, 143, 91, 108, 25, 113, 29, 116, 123, 18, 15, 139, 132, 78, 26, 126, 46, 144, 153, 74, 7, 16, 102, 57, 145, 28, 68, 114, 171, 141, 31, 38, 98, 157, 136, 142, 159, 101, 21, 50, 95, 140, 133, 14, 112, 162, 70, 163, 99, 45, 130, 23, 81, 37, 39, 41, 51, 52, 58, 77, 80, 88, 90, 100, 106, 128, 129, 137, 154, 156, 158, 160, 169]
Dataset                        CAL500
Number of labels (L)           174
Type                           ML-CV
Threshold                      0.5
Verbosity                      3


== Predictive Performance

Number of test instances (N)   
Accuracy                       0.243
Jaccard index                  0.243
Hamming score                  0.829
Exact match                    0    
Jaccard distance               0.757
Hamming loss                   0.171
ZeroOne loss                   1    
Harmonic score                 0.51 
One error                      0.547
Rank loss                      0.356
Avg precision                  0.261
Log Loss (lim. L)              0.884
Log Loss (lim. D)              0.739
F1 (micro averaged)            0.39 
F1 (macro averaged by example) 0.385
F1 (macro averaged by label)   0.125
AUPRC (macro averaged)         NaN
AUROC (macro averaged)         NaN
Curve Data                     
Macro Curve Data               
Micro Curve Data               
Label indices                  [     0     1     2     3     4     5     6     7     8     9    10    11    12    13    14    15    16    17    18    19    20    21    22    23    24    25    26    27    28    29    30    31    32    33    34    35    36    37    38    39    40    41    42    43    44    45    46    47    48    49    50    51    52    53    54    55    56    57    58    59    60    61    62    63    64    65    66    67    68    69    70    71    72    73    74    75    76    77    78    79    80    81    82    83    84    85    86    87    88    89    90    91    92    93    94    95    96    97    98    99   100   101   102   103   104   105   106   107   108   109   110   111   112   113   114   115   116   117   118   119   120   121   122   123   124   125   126   127   128   129   130   131   132   133   134   135   136   137   138   139   140   141   142   143   144   145   146   147   148   149   150   151   152   153   154   155   156   157   158   159   160   161   162   163   164   165   166   167   168   169   170   171   172   173 ]
Accuracy (per label)           [ 0.773 0.480 0.547 0.987 0.987 0.467 0.947 0.493 0.653 0.600 0.667 0.640 0.720 0.733 0.480 0.920 0.573 0.840 0.920 0.480 0.653 0.653 0.973 0.467 0.600 0.707 0.640 0.587 0.440 0.920 0.947 0.507 0.947 0.493 0.947 0.467 0.720 1.000 0.947 1.000 0.827 1.000 0.987 0.987 0.987 0.760 0.987 0.867 0.987 0.853 0.947 1.000 1.000 0.920 0.947 0.987 0.987 0.973 1.000 0.747 0.987 0.760 0.920 0.653 0.960 0.587 0.987 0.987 0.920 0.533 0.613 0.653 0.413 0.680 0.920 0.840 0.960 1.000 0.960 0.640 1.000 0.773 0.867 0.880 0.827 0.973 0.627 0.987 1.000 0.973 1.000 0.587 0.920 0.827 0.573 0.560 0.853 0.453 0.933 0.773 1.000 0.573 0.973 0.587 0.813 0.573 1.000 0.613 0.880 0.840 0.987 0.613 0.707 0.493 0.733 0.973 0.533 0.693 0.520 0.907 0.893 0.560 0.827 0.787 0.987 0.867 0.933 0.987 1.000 1.000 0.933 0.973 0.987 0.813 0.733 0.920 0.947 1.000 0.907 0.987 0.920 0.867 0.933 0.987 0.787 0.960 0.960 0.613 0.907 0.920 0.907 0.920 0.960 0.933 1.000 0.973 1.000 0.773 1.000 0.773 1.000 0.880 0.973 0.947 0.987 0.987 0.947 0.960 0.960 1.000 0.907 0.960 0.960 0.960 ]
Empty labelvectors (predicted) 0    
Label cardinality (predicted)  22.32
Levenshtein distance           0.141


== Additional Measurements (averaged across folds)

Number of training instances   75
Number of test instances       75
Label cardinality (train set)  26.547
Label cardinality (test set)   26.557
Build Time                     0.244
Test Time                      0.036
Total Time                     0.28 


Averaging: 0.3572191096839225