== Evaluation Info

Classifier                     Prepare_CC.Base_CC
Options                        [-S, 0, -W, weka.classifiers.trees.J48, --, -C, 0.25, -M, 2]
Additional Info                [116, 12, 51, 62, 113, 41, 102, 147, 92, 171, 120, 56, 6, 87, 140, 142, 98, 86, 77, 52, 169, 129, 135, 158, 138, 20, 94, 2, 75, 1, 81, 53, 28, 162, 124, 40, 23, 63, 93, 15, 167, 35, 74, 114, 8, 18, 21, 166, 50, 96, 34, 33, 109, 155, 106, 121, 44, 69, 118, 25, 43, 153, 79, 29, 45, 80, 161, 168, 104, 156, 5, 42, 112, 117, 7, 70, 119, 170, 108, 154, 71, 173, 115, 60, 150, 11, 10, 67, 137, 165, 58, 83, 39, 91, 103, 132, 128, 149, 30, 101, 105, 126, 141, 172, 36, 48, 31, 65, 26, 19, 47, 46, 100, 130, 16, 164, 107, 17, 99, 68, 54, 73, 125, 66, 136, 37, 89, 22, 72, 85, 139, 27, 134, 64, 127, 97, 148, 152, 32, 146, 57, 123, 9, 163, 111, 78, 24, 110, 3, 13, 76, 90, 14, 160, 0, 4, 38, 49, 55, 59, 61, 82, 84, 88, 95, 122, 131, 133, 143, 144, 145, 151, 157, 159]
Dataset                        CAL500
Number of labels (L)           174
Type                           ML-CV
Threshold                      0.5
Verbosity                      3


== Predictive Performance

Number of test instances (N)   
Accuracy                       0.297
Jaccard index                  0.297
Hamming score                  0.844
Exact match                    0    
Jaccard distance               0.703
Hamming loss                   0.156
ZeroOne loss                   1    
Harmonic score                 0.583
One error                      0.072
Rank loss                      0.312
Avg precision                  0.305
Log Loss (lim. L)              0.804
Log Loss (lim. D)              0.713
F1 (micro averaged)            0.454
F1 (macro averaged by example) 0.452
F1 (macro averaged by label)   0.146
AUPRC (macro averaged)         NaN
AUROC (macro averaged)         NaN
Curve Data                     
Macro Curve Data               
Micro Curve Data               
Label indices                  [     0     1     2     3     4     5     6     7     8     9    10    11    12    13    14    15    16    17    18    19    20    21    22    23    24    25    26    27    28    29    30    31    32    33    34    35    36    37    38    39    40    41    42    43    44    45    46    47    48    49    50    51    52    53    54    55    56    57    58    59    60    61    62    63    64    65    66    67    68    69    70    71    72    73    74    75    76    77    78    79    80    81    82    83    84    85    86    87    88    89    90    91    92    93    94    95    96    97    98    99   100   101   102   103   104   105   106   107   108   109   110   111   112   113   114   115   116   117   118   119   120   121   122   123   124   125   126   127   128   129   130   131   132   133   134   135   136   137   138   139   140   141   142   143   144   145   146   147   148   149   150   151   152   153   154   155   156   157   158   159   160   161   162   163   164   165   166   167   168   169   170   171   172   173 ]
Accuracy (per label)           [ 1.000 0.928 0.887 0.557 1.000 0.691 0.474 0.897 0.794 0.763 0.876 0.619 0.629 0.969 0.990 0.495 0.753 0.577 0.464 0.907 0.804 0.649 0.598 0.825 0.649 0.990 0.629 0.814 0.701 0.732 0.732 0.639 0.526 0.907 0.608 0.845 0.814 0.959 1.000 0.979 0.784 0.979 0.866 0.928 0.979 0.979 0.969 0.948 0.990 1.000 0.990 0.938 0.753 0.670 0.814 1.000 0.990 0.876 0.845 1.000 0.835 1.000 0.845 0.701 0.753 0.773 0.979 0.784 0.990 0.526 0.660 0.990 0.567 0.629 0.959 0.680 0.990 0.990 0.959 0.619 0.979 0.629 1.000 0.918 1.000 0.866 0.876 0.990 1.000 0.979 0.948 0.515 0.701 0.938 0.526 1.000 0.485 0.835 0.598 0.753 0.546 0.526 0.876 0.505 0.825 0.588 0.979 0.660 0.814 0.825 0.990 0.784 0.505 0.763 0.732 0.918 0.918 0.557 0.979 0.938 0.938 0.711 1.000 0.990 0.629 0.979 0.969 0.907 0.845 0.948 0.876 1.000 0.959 1.000 0.990 0.959 0.969 0.969 0.505 0.959 0.990 0.845 0.918 1.000 1.000 1.000 0.990 0.866 0.691 0.897 0.856 1.000 0.990 0.742 0.928 0.959 0.969 1.000 0.979 1.000 0.969 0.938 0.814 0.990 0.990 0.979 0.990 0.969 0.938 0.979 0.876 0.835 0.948 0.990 ]
Empty labelvectors (predicted) 0    
Label cardinality (predicted)  23.423
Levenshtein distance           0.134


== Additional Measurements (averaged across folds)

Number of training instances   97
Number of test instances       97
Label cardinality (train set)  26.227
Label cardinality (test set)   26.23
Build Time                     0.372
Test Time                      0.05 
Total Time                     0.422


Averaging: 0.3803891498119231