== Evaluation Info

Classifier                     Prepare_CC.Base_CC
Options                        [-S, 0, -W, weka.classifiers.trees.J48, --, -C, 0.25, -M, 2]
Additional Info                [116, 133, 8, 104, 121, 131, 50, 70, 73, 91, 107, 102, 9, 61, 94, 140, 146, 93, 12, 118, 35, 95, 92, 103, 139, 99, 148, 171, 152, 115, 17, 57, 49, 105, 123, 5, 150, 149, 110, 130, 59, 25, 138, 167, 97, 113, 127, 86, 36, 136, 4, 63, 170, 79, 40, 16, 7, 106, 23, 6, 122, 145, 19, 74, 84, 163, 112, 111, 1, 96, 28, 11, 135, 77, 3, 119, 46, 120, 151, 30, 144, 13, 15, 41, 2, 147, 60, 117, 101, 21, 109, 143, 69, 33, 124, 68, 75, 64, 10, 71, 26, 166, 126, 27, 114, 14, 67, 31, 90, 134, 128, 157, 0, 65, 45, 142, 72, 108, 82, 42, 20, 155, 125, 159, 100, 51, 18, 22, 24, 29, 32, 34, 37, 38, 39, 43, 44, 47, 48, 52, 53, 54, 55, 56, 58, 62, 66, 76, 78, 80, 81, 83, 85, 87, 88, 89, 98, 129, 132, 137, 141, 153, 154, 156, 158, 160, 161, 162, 164, 165, 168, 169, 172, 173]
Dataset                        CAL500
Number of labels (L)           174
Type                           ML-CV
Threshold                      0.5
Verbosity                      3


== Predictive Performance

Number of test instances (N)   
Accuracy                       0.385
Jaccard index                  0.385
Hamming score                  0.85 
Exact match                    0    
Jaccard distance               0.615
Hamming loss                   0.15 
ZeroOne loss                   1    
Harmonic score                 0.672
One error                      0.368
Rank loss                      0.28 
Avg precision                  0.393
Log Loss (lim. L)              0.775
Log Loss (lim. D)              0.607
F1 (micro averaged)            0.553
F1 (macro averaged by example) 0.544
F1 (macro averaged by label)   0.173
AUPRC (macro averaged)         NaN
AUROC (macro averaged)         NaN
Curve Data                     
Macro Curve Data               
Micro Curve Data               
Label indices                  [     0     1     2     3     4     5     6     7     8     9    10    11    12    13    14    15    16    17    18    19    20    21    22    23    24    25    26    27    28    29    30    31    32    33    34    35    36    37    38    39    40    41    42    43    44    45    46    47    48    49    50    51    52    53    54    55    56    57    58    59    60    61    62    63    64    65    66    67    68    69    70    71    72    73    74    75    76    77    78    79    80    81    82    83    84    85    86    87    88    89    90    91    92    93    94    95    96    97    98    99   100   101   102   103   104   105   106   107   108   109   110   111   112   113   114   115   116   117   118   119   120   121   122   123   124   125   126   127   128   129   130   131   132   133   134   135   136   137   138   139   140   141   142   143   144   145   146   147   148   149   150   151   152   153   154   155   156   157   158   159   160   161   162   163   164   165   166   167   168   169   170   171   172   173 ]
Accuracy (per label)           [ 0.649 0.825 0.544 0.895 0.719 0.632 0.965 0.719 0.982 0.579 0.965 0.596 0.596 0.737 0.544 0.947 0.947 0.544 1.000 0.702 0.965 0.684 1.000 0.912 1.000 0.649 0.982 0.544 0.596 1.000 0.825 0.544 1.000 0.930 1.000 0.772 0.509 1.000 1.000 1.000 0.789 0.982 0.982 1.000 1.000 0.982 0.930 1.000 1.000 0.632 0.737 0.947 1.000 1.000 1.000 1.000 1.000 0.947 1.000 0.719 0.982 0.877 1.000 0.965 0.912 0.491 1.000 0.982 0.825 0.789 0.439 0.789 0.614 0.684 0.596 0.860 1.000 0.982 1.000 0.772 1.000 1.000 0.719 1.000 0.754 1.000 0.596 1.000 1.000 1.000 0.982 0.842 0.649 0.807 0.561 0.596 0.667 0.614 1.000 0.649 0.982 0.719 0.737 0.912 0.526 0.667 0.982 0.877 0.544 0.789 0.912 0.719 0.912 0.596 0.947 0.684 0.877 0.491 0.772 0.965 0.947 0.702 0.877 0.895 0.965 0.947 0.877 0.982 0.982 1.000 0.965 0.982 1.000 0.579 0.702 0.930 0.930 1.000 0.789 0.982 0.807 1.000 0.719 0.982 0.877 0.702 0.982 0.596 0.982 0.614 0.877 0.807 0.895 1.000 1.000 0.982 1.000 0.754 1.000 0.877 1.000 1.000 1.000 0.614 1.000 1.000 0.895 0.789 1.000 1.000 0.842 0.982 1.000 1.000 ]
Empty labelvectors (predicted) 0    
Label cardinality (predicted)  28.86
Levenshtein distance           0.133


== Additional Measurements (averaged across folds)

Number of training instances   57
Number of test instances       57
Label cardinality (train set)  29.544
Label cardinality (test set)   29.543
Build Time                     0.13 
Test Time                      0.027
Total Time                     0.156


Averaging: 0.4115122039046551