== Evaluation Info

Classifier                     Prepare_CC.Base_CC
Options                        [-S, 0, -W, weka.classifiers.trees.J48, --, -C, 0.25, -M, 2]
Additional Info                [55, 21, 13, 161, 96, 92, 78, 117, 20, 59, 11, 47, 35, 113, 32, 26, 115, 81, 64, 75, 40, 103, 134, 93, 31, 131, 54, 167, 16, 122, 27, 112, 25, 23, 165, 156, 48, 65, 116, 150, 36, 166, 144, 88, 72, 149, 9, 67, 141, 87, 172, 119, 29, 146, 157, 79, 118, 50, 153, 80, 7, 24, 15, 22, 142, 91, 77, 104, 69, 73, 5, 128, 98, 107, 61, 133, 151, 159, 49, 169, 12, 99, 164, 76, 162, 4, 85, 19, 114, 0, 63, 138, 123, 170, 86, 125, 102, 18, 28, 127, 101, 147, 173, 136, 2, 8, 120, 121, 57, 34, 6, 17, 145, 51, 108, 10, 135, 148, 53, 94, 139, 62, 1, 71, 45, 60, 83, 74, 163, 39, 158, 111, 84, 97, 95, 66, 33, 109, 105, 46, 106, 89, 14, 70, 58, 130, 3, 30, 37, 38, 41, 42, 43, 44, 52, 56, 68, 82, 90, 100, 110, 124, 126, 129, 132, 137, 140, 143, 152, 154, 155, 160, 168, 171]
Dataset                        CAL500
Number of labels (L)           174
Type                           ML-CV
Threshold                      0.5
Verbosity                      3


== Predictive Performance

Number of test instances (N)   
Accuracy                       0.299
Jaccard index                  0.299
Hamming score                  0.835
Exact match                    0    
Jaccard distance               0.701
Hamming loss                   0.165
ZeroOne loss                   1    
Harmonic score                 0.589
One error                      0.402
Rank loss                      0.323
Avg precision                  0.308
Log Loss (lim. L)              0.853
Log Loss (lim. D)              0.739
F1 (micro averaged)            0.456
F1 (macro averaged by example) 0.452
F1 (macro averaged by label)   0.138
AUPRC (macro averaged)         NaN
AUROC (macro averaged)         NaN
Curve Data                     
Macro Curve Data               
Micro Curve Data               
Label indices                  [     0     1     2     3     4     5     6     7     8     9    10    11    12    13    14    15    16    17    18    19    20    21    22    23    24    25    26    27    28    29    30    31    32    33    34    35    36    37    38    39    40    41    42    43    44    45    46    47    48    49    50    51    52    53    54    55    56    57    58    59    60    61    62    63    64    65    66    67    68    69    70    71    72    73    74    75    76    77    78    79    80    81    82    83    84    85    86    87    88    89    90    91    92    93    94    95    96    97    98    99   100   101   102   103   104   105   106   107   108   109   110   111   112   113   114   115   116   117   118   119   120   121   122   123   124   125   126   127   128   129   130   131   132   133   134   135   136   137   138   139   140   141   142   143   144   145   146   147   148   149   150   151   152   153   154   155   156   157   158   159   160   161   162   163   164   165   166   167   168   169   170   171   172   173 ]
Accuracy (per label)           [ 0.977 0.529 0.379 1.000 0.977 0.655 0.851 0.414 0.506 0.851 0.506 0.908 0.529 0.805 0.483 0.954 0.552 0.989 0.966 0.483 0.552 0.759 0.851 0.586 0.552 0.862 0.552 0.897 0.483 0.908 1.000 0.678 0.874 0.448 0.885 0.644 0.586 1.000 1.000 0.943 0.471 1.000 1.000 1.000 1.000 0.954 0.989 0.954 0.989 0.989 0.897 0.977 1.000 0.931 0.943 0.920 1.000 0.966 0.977 0.908 0.943 0.989 0.931 0.793 0.908 0.414 0.920 0.885 1.000 0.529 0.517 0.931 0.540 0.494 0.701 0.782 0.943 0.977 0.862 0.828 0.989 0.793 1.000 0.897 0.920 0.989 0.632 0.977 0.908 0.839 1.000 0.586 0.920 0.828 0.632 0.391 0.989 0.667 0.874 0.713 1.000 0.483 0.920 0.598 0.920 0.437 0.966 0.552 0.862 0.770 1.000 0.460 0.598 0.586 0.494 0.931 0.552 0.540 0.667 0.989 0.701 0.575 0.897 0.862 1.000 0.908 1.000 0.989 0.966 1.000 0.989 0.977 1.000 0.943 0.931 0.897 0.954 1.000 0.816 0.943 1.000 0.770 0.977 1.000 0.989 0.977 0.989 0.805 0.862 0.908 0.667 0.989 1.000 0.954 1.000 1.000 0.989 0.977 0.954 0.989 1.000 0.920 0.977 0.839 0.920 0.989 0.908 0.770 1.000 0.989 0.908 1.000 0.908 0.977 ]
Empty labelvectors (predicted) 0    
Label cardinality (predicted)  25.724
Levenshtein distance           0.137


== Additional Measurements (averaged across folds)

Number of training instances   87
Number of test instances       87
Label cardinality (train set)  27.149
Label cardinality (test set)   27.085
Build Time                     0.291
Test Time                      0.047
Total Time                     0.337


Averaging: 0.37775747781347535