== Evaluation Info

Classifier                     Prepare_CC.Base_CC
Options                        [-S, 0, -W, weka.classifiers.trees.J48, --, -C, 0.25, -M, 2]
Additional Info                [124, 130, 109, 114, 6, 17, 46, 60, 32, 129, 154, 94, 159, 90, 87, 39, 88, 170, 106, 15, 38, 49, 45, 2, 86, 113, 62, 97, 120, 112, 126, 128, 20, 150, 81, 103, 121, 25, 11, 107, 69, 104, 58, 160, 74, 115, 73, 131, 48, 57, 35, 139, 3, 100, 127, 99, 117, 116, 7, 158, 9, 147, 162, 83, 12, 29, 77, 119, 16, 148, 18, 153, 50, 163, 132, 167, 66, 98, 43, 53, 84, 5, 54, 89, 137, 75, 72, 96, 56, 63, 61, 24, 143, 102, 105, 47, 108, 68, 36, 33, 125, 134, 26, 27, 91, 71, 157, 145, 65, 23, 28, 80, 149, 30, 44, 13, 118, 82, 142, 41, 93, 14, 85, 4, 1, 95, 122, 140, 169, 10, 78, 146, 31, 156, 19, 40, 21, 111, 135, 144, 101, 8, 37, 172, 161, 138, 92, 70, 123, 22, 67, 155, 141, 165, 164, 59, 76, 42, 79, 64, 0, 166, 52, 34, 51, 55, 110, 133, 136, 151, 152, 168, 171, 173]
Dataset                        CAL500
Number of labels (L)           174
Type                           ML-CV
Threshold                      0.5
Verbosity                      3


== Predictive Performance

Number of test instances (N)   
Accuracy                       0.207
Jaccard index                  0.207
Hamming score                  0.83 
Exact match                    0    
Jaccard distance               0.793
Hamming loss                   0.17 
ZeroOne loss                   1    
Harmonic score                 0.463
One error                      0.46 
Rank loss                      0.367
Avg precision                  0.222
Log Loss (lim. L)              0.878
Log Loss (lim. D)              0.784
F1 (micro averaged)            0.335
F1 (macro averaged by example) 0.335
F1 (macro averaged by label)   0.126
AUPRC (macro averaged)         NaN
AUROC (macro averaged)         NaN
Curve Data                     
Macro Curve Data               
Micro Curve Data               
Label indices                  [     0     1     2     3     4     5     6     7     8     9    10    11    12    13    14    15    16    17    18    19    20    21    22    23    24    25    26    27    28    29    30    31    32    33    34    35    36    37    38    39    40    41    42    43    44    45    46    47    48    49    50    51    52    53    54    55    56    57    58    59    60    61    62    63    64    65    66    67    68    69    70    71    72    73    74    75    76    77    78    79    80    81    82    83    84    85    86    87    88    89    90    91    92    93    94    95    96    97    98    99   100   101   102   103   104   105   106   107   108   109   110   111   112   113   114   115   116   117   118   119   120   121   122   123   124   125   126   127   128   129   130   131   132   133   134   135   136   137   138   139   140   141   142   143   144   145   146   147   148   149   150   151   152   153   154   155   156   157   158   159   160   161   162   163   164   165   166   167   168   169   170   171   172   173 ]
Accuracy (per label)           [ 0.980 0.560 0.730 0.670 0.900 0.440 0.660 0.750 0.690 0.490 0.810 0.460 0.540 0.720 0.880 0.510 0.770 0.540 0.570 0.740 0.780 0.450 0.780 0.520 0.630 0.850 0.730 0.620 0.690 0.710 0.760 0.630 0.750 0.680 0.810 0.580 0.600 0.970 0.990 0.970 0.790 0.980 0.970 0.960 0.990 0.960 0.990 0.990 0.980 0.980 0.980 1.000 0.950 0.800 0.940 1.000 0.990 0.970 0.840 0.720 0.890 0.980 0.910 0.800 0.930 0.690 0.950 0.780 0.730 0.630 0.650 0.840 0.490 0.580 0.680 0.680 0.990 0.920 0.940 0.540 0.970 0.760 0.820 0.960 0.820 0.950 0.700 0.940 0.970 0.960 0.970 0.720 0.760 0.930 0.500 0.760 0.630 0.690 0.720 0.650 0.780 0.650 0.830 0.550 0.850 0.470 0.980 0.870 0.800 0.890 1.000 0.530 0.510 0.470 0.710 0.870 0.910 0.460 0.910 0.990 0.850 0.570 0.980 0.960 0.770 0.950 0.940 0.970 0.940 0.990 0.940 0.990 0.990 1.000 0.890 0.980 1.000 0.980 0.790 0.960 0.990 0.960 0.980 0.980 0.990 0.990 0.970 0.880 0.930 0.820 0.890 1.000 1.000 0.950 0.990 0.990 0.990 0.750 0.990 0.990 0.960 0.920 0.990 0.880 0.970 0.990 0.960 0.890 1.000 0.960 0.900 1.000 0.990 1.000 ]
Empty labelvectors (predicted) 0    
Label cardinality (predicted)  20.85
Levenshtein distance           0.136


== Additional Measurements (averaged across folds)

Number of training instances   100
Number of test instances       100
Label cardinality (train set)  23.71
Label cardinality (test set)   23.71
Build Time                     0.376
Test Time                      0.045
Total Time                     0.422


Averaging: 0.34545152448322564