== Evaluation Info

Classifier                     Prepare_CC.Base_CC
Options                        [-S, 0, -W, weka.classifiers.trees.J48, --, -C, 0.25, -M, 2]
Additional Info                [5, 61, 20, 75, 164, 42, 116, 97, 141, 82, 2, 124, 142, 37, 3, 9, 140, 68, 105, 49, 147, 28, 120, 106, 25, 32, 41, 26, 84, 163, 109, 152, 125, 121, 114, 50, 74, 102, 33, 35, 73, 111, 127, 12, 21, 110, 119, 46, 113, 90, 130, 117, 148, 91, 131, 24, 103, 57, 100, 7, 98, 4, 51, 107, 86, 13, 0, 10, 151, 159, 136, 31, 14, 133, 40, 126, 27, 144, 108, 99, 112, 134, 1, 95, 29, 66, 69, 70, 94, 139, 135, 138, 59, 170, 145, 11, 128, 81, 80, 65, 71, 79, 15, 63, 149, 104, 52, 123, 143, 150, 166, 101, 77, 30, 19, 67, 64, 92, 36, 93, 23, 16, 167, 72, 17, 171, 96, 122, 118, 155, 157, 6, 115, 60, 8, 18, 22, 34, 38, 39, 43, 44, 45, 47, 48, 53, 54, 55, 56, 58, 62, 76, 78, 83, 85, 87, 88, 89, 129, 132, 137, 146, 153, 154, 156, 158, 160, 161, 162, 165, 168, 169, 172, 173]
Dataset                        CAL500
Number of labels (L)           174
Type                           ML-CV
Threshold                      0.5
Verbosity                      3


== Predictive Performance

Number of test instances (N)   
Accuracy                       0.329
Jaccard index                  0.329
Hamming score                  0.832
Exact match                    0    
Jaccard distance               0.671
Hamming loss                   0.168
ZeroOne loss                   1    
Harmonic score                 0.616
One error                      0.618
Rank loss                      0.323
Avg precision                  0.342
Log Loss (lim. L)              0.865
Log Loss (lim. D)              0.672
F1 (micro averaged)            0.494
F1 (macro averaged by example) 0.486
F1 (macro averaged by label)   0.149
AUPRC (macro averaged)         NaN
AUROC (macro averaged)         NaN
Curve Data                     
Macro Curve Data               
Micro Curve Data               
Label indices                  [     0     1     2     3     4     5     6     7     8     9    10    11    12    13    14    15    16    17    18    19    20    21    22    23    24    25    26    27    28    29    30    31    32    33    34    35    36    37    38    39    40    41    42    43    44    45    46    47    48    49    50    51    52    53    54    55    56    57    58    59    60    61    62    63    64    65    66    67    68    69    70    71    72    73    74    75    76    77    78    79    80    81    82    83    84    85    86    87    88    89    90    91    92    93    94    95    96    97    98    99   100   101   102   103   104   105   106   107   108   109   110   111   112   113   114   115   116   117   118   119   120   121   122   123   124   125   126   127   128   129   130   131   132   133   134   135   136   137   138   139   140   141   142   143   144   145   146   147   148   149   150   151   152   153   154   155   156   157   158   159   160   161   162   163   164   165   166   167   168   169   170   171   172   173 ]
Accuracy (per label)           [ 0.564 0.727 0.582 0.818 0.691 0.436 0.927 0.582 1.000 0.636 0.982 0.600 0.527 0.800 0.491 0.818 0.927 0.455 1.000 0.655 0.964 0.727 1.000 0.891 0.945 0.564 0.982 0.527 0.600 0.982 0.855 0.545 0.982 0.727 1.000 0.745 0.545 0.964 1.000 1.000 0.855 0.927 0.982 1.000 1.000 1.000 0.873 1.000 1.000 0.473 0.818 0.945 0.982 1.000 1.000 1.000 1.000 0.945 1.000 0.673 0.964 0.855 1.000 0.964 0.964 0.418 0.927 0.945 0.727 0.873 0.473 0.782 0.491 0.727 0.509 0.873 1.000 0.927 1.000 0.618 0.982 0.891 0.764 1.000 0.600 1.000 0.745 1.000 1.000 1.000 0.982 0.691 0.600 0.745 0.527 0.582 0.709 0.655 0.927 0.582 0.909 0.673 0.600 0.855 0.491 0.636 0.964 0.836 0.582 0.764 0.927 0.564 0.782 0.527 0.964 0.673 0.855 0.473 0.691 0.964 0.745 0.473 0.873 0.873 0.982 0.945 0.964 0.982 0.982 1.000 0.945 0.982 1.000 0.727 0.727 0.982 0.964 1.000 0.709 0.982 0.855 0.982 0.800 0.982 0.855 0.764 1.000 0.655 0.982 0.727 0.982 0.764 0.873 1.000 1.000 0.982 1.000 0.727 1.000 0.855 1.000 1.000 1.000 0.582 0.982 1.000 0.909 0.873 1.000 1.000 0.891 0.982 1.000 1.000 ]
Empty labelvectors (predicted) 0    
Label cardinality (predicted)  28.127
Levenshtein distance           0.145


== Additional Measurements (averaged across folds)

Number of training instances   55
Number of test instances       55
Label cardinality (train set)  29.492
Label cardinality (test set)   29.573
Build Time                     0.135
Test Time                      0.031
Total Time                     0.166


Averaging: 0.3872521021166147