== Evaluation Info

Classifier                     Prepare_CC.Base_CC
Options                        [-S, 0, -W, weka.classifiers.trees.J48, --, -C, 0.25, -M, 2]
Additional Info                [126, 42, 31, 97, 64, 25, 111, 125, 73, 57, 171, 10, 167, 114, 29, 116, 83, 37, 139, 86, 98, 132, 75, 52, 47, 157, 137, 107, 66, 50, 166, 12, 165, 146, 131, 160, 74, 70, 142, 173, 147, 103, 2, 130, 9, 129, 6, 100, 105, 164, 138, 4, 81, 82, 60, 34, 59, 87, 44, 17, 143, 11, 168, 134, 15, 161, 124, 8, 3, 101, 7, 18, 65, 172, 162, 93, 169, 21, 69, 43, 106, 149, 78, 56, 99, 141, 5, 33, 27, 40, 77, 80, 148, 115, 26, 30, 127, 109, 51, 121, 71, 53, 94, 20, 13, 79, 16, 119, 22, 24, 92, 54, 120, 68, 63, 1, 72, 112, 156, 67, 102, 128, 153, 19, 158, 23, 35, 163, 104, 90, 28, 108, 91, 155, 150, 85, 117, 62, 58, 46, 140, 32, 95, 36, 76, 135, 110, 113, 39, 152, 96, 170, 45, 0, 14, 38, 41, 48, 49, 55, 61, 84, 88, 89, 118, 122, 123, 133, 136, 144, 145, 151, 154, 159]
Dataset                        CAL500
Number of labels (L)           174
Type                           ML-CV
Threshold                      0.5
Verbosity                      3


== Predictive Performance

Number of test instances (N)   
Accuracy                       0.281
Jaccard index                  0.281
Hamming score                  0.844
Exact match                    0    
Jaccard distance               0.719
Hamming loss                   0.156
ZeroOne loss                   1    
Harmonic score                 0.555
One error                      0.154
Rank loss                      0.315
Avg precision                  0.291
Log Loss (lim. L)              0.803
Log Loss (lim. D)              0.702
F1 (micro averaged)            0.435
F1 (macro averaged by example) 0.43 
F1 (macro averaged by label)   0.127
AUPRC (macro averaged)         NaN
AUROC (macro averaged)         NaN
Curve Data                     
Macro Curve Data               
Micro Curve Data               
Label indices                  [     0     1     2     3     4     5     6     7     8     9    10    11    12    13    14    15    16    17    18    19    20    21    22    23    24    25    26    27    28    29    30    31    32    33    34    35    36    37    38    39    40    41    42    43    44    45    46    47    48    49    50    51    52    53    54    55    56    57    58    59    60    61    62    63    64    65    66    67    68    69    70    71    72    73    74    75    76    77    78    79    80    81    82    83    84    85    86    87    88    89    90    91    92    93    94    95    96    97    98    99   100   101   102   103   104   105   106   107   108   109   110   111   112   113   114   115   116   117   118   119   120   121   122   123   124   125   126   127   128   129   130   131   132   133   134   135   136   137   138   139   140   141   142   143   144   145   146   147   148   149   150   151   152   153   154   155   156   157   158   159   160   161   162   163   164   165   166   167   168   169   170   171   172   173 ]
Accuracy (per label)           [ 1.000 0.824 0.956 0.473 0.967 0.516 0.582 0.989 0.791 0.462 0.989 0.527 0.549 0.912 1.000 0.604 0.879 0.505 0.538 0.934 0.835 0.495 0.648 0.582 0.451 0.923 0.758 0.593 0.857 0.714 0.648 0.659 0.385 0.890 0.538 0.648 0.780 0.967 1.000 0.989 0.835 1.000 0.956 0.956 0.978 0.978 0.989 0.989 1.000 1.000 0.989 0.978 0.747 0.714 0.956 1.000 0.989 0.890 0.813 0.967 0.703 1.000 0.901 0.846 0.912 0.813 0.956 0.692 0.967 0.659 0.560 0.978 0.495 0.582 0.978 0.560 0.956 0.989 0.978 0.560 0.989 0.582 0.989 0.956 1.000 0.901 0.934 0.956 1.000 1.000 0.945 0.747 0.593 0.989 0.549 0.989 0.516 0.945 0.451 0.956 0.484 0.593 0.714 0.648 0.593 0.440 0.967 0.802 0.736 0.824 0.989 0.758 0.505 0.813 0.857 0.945 0.989 0.571 1.000 0.967 0.967 0.747 1.000 1.000 0.681 0.934 0.989 0.912 0.912 0.945 0.857 0.989 0.967 1.000 0.945 0.945 1.000 0.978 0.516 0.923 0.989 0.945 0.912 0.989 1.000 1.000 0.989 0.879 0.824 0.846 0.923 1.000 0.989 0.791 1.000 0.978 0.945 0.989 0.945 1.000 0.978 0.934 0.956 0.989 0.967 0.967 0.978 0.967 0.978 0.989 0.901 0.846 0.967 0.989 ]
Empty labelvectors (predicted) 0    
Label cardinality (predicted)  22.154
Levenshtein distance           0.132


== Additional Measurements (averaged across folds)

Number of training instances   91
Number of test instances       91
Label cardinality (train set)  25.791
Label cardinality (test set)   25.787
Build Time                     0.325
Test Time                      0.045
Total Time                     0.37 


Averaging: 0.3750652284798524