== Evaluation Info

Classifier                     Prepare_CC.Base_CC
Options                        [-S, 0, -W, weka.classifiers.trees.J48, --, -C, 0.25, -M, 2]
Additional Info                [45, 169, 38, 125, 42, 148, 96, 81, 159, 24, 64, 135, 147, 160, 43, 16, 73, 60, 86, 170, 54, 93, 31, 99, 55, 75, 56, 123, 18, 116, 163, 62, 39, 30, 3, 100, 161, 0, 74, 101, 85, 41, 129, 102, 40, 87, 8, 65, 35, 77, 80, 126, 67, 128, 44, 52, 146, 172, 98, 83, 66, 22, 114, 124, 23, 109, 105, 68, 121, 133, 69, 157, 84, 82, 50, 9, 47, 15, 36, 76, 19, 142, 92, 112, 107, 34, 139, 149, 115, 91, 164, 70, 32, 162, 28, 137, 134, 6, 61, 88, 155, 130, 49, 27, 120, 48, 119, 89, 63, 132, 57, 71, 104, 153, 72, 117, 78, 53, 144, 11, 21, 111, 145, 158, 95, 108, 4, 1, 33, 118, 7, 12, 143, 94, 122, 79, 167, 156, 154, 97, 13, 58, 20, 150, 106, 2, 25, 37, 141, 140, 10, 138, 166, 14, 165, 26, 17, 5, 103, 59, 29, 113, 127, 46, 51, 90, 110, 131, 136, 151, 152, 168, 171, 173]
Dataset                        CAL500
Number of labels (L)           174
Type                           ML-CV
Threshold                      0.5
Verbosity                      3


== Predictive Performance

Number of test instances (N)   
Accuracy                       0.214
Jaccard index                  0.214
Hamming score                  0.837
Exact match                    0    
Jaccard distance               0.786
Hamming loss                   0.163
ZeroOne loss                   1    
Harmonic score                 0.459
One error                      0.469
Rank loss                      0.367
Avg precision                  0.234
Log Loss (lim. L)              0.844
Log Loss (lim. D)              0.75 
F1 (micro averaged)            0.346
F1 (macro averaged by example) 0.344
F1 (macro averaged by label)   0.114
AUPRC (macro averaged)         NaN
AUROC (macro averaged)         NaN
Curve Data                     
Macro Curve Data               
Micro Curve Data               
Label indices                  [     0     1     2     3     4     5     6     7     8     9    10    11    12    13    14    15    16    17    18    19    20    21    22    23    24    25    26    27    28    29    30    31    32    33    34    35    36    37    38    39    40    41    42    43    44    45    46    47    48    49    50    51    52    53    54    55    56    57    58    59    60    61    62    63    64    65    66    67    68    69    70    71    72    73    74    75    76    77    78    79    80    81    82    83    84    85    86    87    88    89    90    91    92    93    94    95    96    97    98    99   100   101   102   103   104   105   106   107   108   109   110   111   112   113   114   115   116   117   118   119   120   121   122   123   124   125   126   127   128   129   130   131   132   133   134   135   136   137   138   139   140   141   142   143   144   145   146   147   148   149   150   151   152   153   154   155   156   157   158   159   160   161   162   163   164   165   166   167   168   169   170   171   172   173 ]
Accuracy (per label)           [ 0.980 0.510 0.673 0.806 0.949 0.561 0.643 0.663 0.602 0.582 0.684 0.612 0.633 0.714 0.827 0.551 0.571 0.755 0.612 0.694 0.714 0.704 0.653 0.602 0.551 0.898 0.663 0.806 0.724 0.847 0.827 0.561 0.714 0.735 0.755 0.541 0.694 0.980 0.990 0.939 0.714 0.990 0.949 0.969 0.990 0.969 1.000 0.990 0.939 0.990 0.980 1.000 0.959 0.847 0.878 0.990 0.990 0.969 0.867 0.806 0.959 0.980 0.918 0.745 0.857 0.612 0.969 0.796 0.857 0.633 0.571 0.918 0.633 0.459 0.827 0.694 0.990 0.969 0.888 0.531 0.980 0.765 0.908 0.939 0.918 0.939 0.724 0.959 0.949 0.918 1.000 0.653 0.765 0.867 0.551 0.755 0.796 0.786 0.786 0.561 0.765 0.633 0.714 0.602 0.918 0.500 0.990 0.816 0.704 0.929 1.000 0.541 0.520 0.643 0.582 0.908 0.847 0.500 0.918 0.990 0.867 0.622 0.969 0.969 0.786 0.949 0.980 0.969 0.969 0.990 0.878 1.000 0.990 0.990 0.918 0.959 1.000 0.980 0.673 0.969 0.990 0.959 0.990 0.980 0.990 0.990 0.969 0.837 0.857 0.898 0.857 1.000 1.000 0.908 0.990 0.990 0.990 0.857 0.990 0.990 0.980 0.908 0.969 0.898 0.980 0.990 0.969 0.929 1.000 0.990 0.847 1.000 0.980 1.000 ]
Empty labelvectors (predicted) 0    
Label cardinality (predicted)  19.357
Levenshtein distance           0.132


== Additional Measurements (averaged across folds)

Number of training instances   98
Number of test instances       98
Label cardinality (train set)  24.132
Label cardinality (test set)   24.116
Build Time                     0.377
Test Time                      0.048
Total Time                     0.425


Averaging: 0.350126833622427