== Evaluation Info

Classifier                     Prepare_CC.Base_CC
Options                        [-S, 0, -W, weka.classifiers.trees.J48, --, -C, 0.25, -M, 2]
Additional Info                [138, 27, 10, 7, 55, 26, 97, 169, 23, 5, 21, 101, 82, 57, 165, 106, 151, 90, 58, 141, 102, 123, 89, 108, 95, 159, 11, 61, 130, 93, 140, 15, 145, 164, 51, 84, 66, 70, 94, 128, 79, 121, 73, 49, 133, 127, 63, 28, 69, 88, 9, 56, 8, 53, 59, 2, 12, 72, 148, 107, 32, 40, 116, 161, 33, 30, 0, 18, 104, 45, 96, 47, 149, 146, 74, 42, 167, 16, 91, 39, 76, 111, 67, 38, 46, 36, 17, 20, 153, 122, 113, 6, 3, 65, 114, 86, 173, 1, 50, 34, 64, 103, 135, 117, 147, 77, 152, 24, 31, 150, 29, 80, 162, 156, 99, 119, 131, 118, 139, 60, 158, 19, 13, 142, 157, 144, 4, 112, 166, 134, 71, 81, 120, 109, 115, 170, 136, 125, 22, 163, 92, 54, 14, 105, 126, 35, 62, 98, 87, 75, 25, 37, 41, 43, 44, 48, 52, 68, 78, 83, 85, 100, 110, 124, 129, 132, 137, 143, 154, 155, 160, 168, 171, 172]
Dataset                        CAL500
Number of labels (L)           174
Type                           ML-CV
Threshold                      0.5
Verbosity                      3


== Predictive Performance

Number of test instances (N)   
Accuracy                       0.292
Jaccard index                  0.292
Hamming score                  0.839
Exact match                    0    
Jaccard distance               0.708
Hamming loss                   0.161
ZeroOne loss                   1    
Harmonic score                 0.581
One error                      0.52 
Rank loss                      0.316
Avg precision                  0.299
Log Loss (lim. L)              0.829
Log Loss (lim. D)              0.736
F1 (micro averaged)            0.451
F1 (macro averaged by example) 0.445
F1 (macro averaged by label)   0.141
AUPRC (macro averaged)         NaN
AUROC (macro averaged)         NaN
Curve Data                     
Macro Curve Data               
Micro Curve Data               
Label indices                  [     0     1     2     3     4     5     6     7     8     9    10    11    12    13    14    15    16    17    18    19    20    21    22    23    24    25    26    27    28    29    30    31    32    33    34    35    36    37    38    39    40    41    42    43    44    45    46    47    48    49    50    51    52    53    54    55    56    57    58    59    60    61    62    63    64    65    66    67    68    69    70    71    72    73    74    75    76    77    78    79    80    81    82    83    84    85    86    87    88    89    90    91    92    93    94    95    96    97    98    99   100   101   102   103   104   105   106   107   108   109   110   111   112   113   114   115   116   117   118   119   120   121   122   123   124   125   126   127   128   129   130   131   132   133   134   135   136   137   138   139   140   141   142   143   144   145   146   147   148   149   150   151   152   153   154   155   156   157   158   159   160   161   162   163   164   165   166   167   168   169   170   171   172   173 ]
Accuracy (per label)           [ 0.898 0.408 0.459 0.888 0.980 0.490 0.959 0.418 0.541 0.786 0.571 0.765 0.633 0.776 0.510 0.867 0.490 0.806 0.929 0.500 0.622 0.561 0.980 0.469 0.673 0.857 0.500 0.724 0.531 0.959 0.990 0.551 0.959 0.633 0.990 0.531 0.673 0.990 0.990 0.939 0.531 1.000 0.990 1.000 1.000 0.949 0.990 0.898 1.000 0.959 0.878 0.980 1.000 0.949 0.949 0.990 0.990 0.918 0.969 0.939 0.959 0.939 0.980 0.745 0.918 0.439 0.949 0.908 1.000 0.500 0.571 0.939 0.520 0.459 0.745 0.878 0.990 0.969 1.000 0.857 0.990 0.898 0.969 1.000 0.949 1.000 0.745 0.980 0.990 0.969 0.990 0.520 0.857 0.949 0.643 0.480 0.949 0.510 0.918 0.633 1.000 0.622 0.898 0.592 0.857 0.469 0.959 0.724 0.745 0.908 1.000 0.571 0.816 0.612 0.510 0.929 0.745 0.571 0.735 0.990 0.847 0.480 0.918 0.776 1.000 0.827 0.980 0.990 0.990 1.000 0.990 0.918 1.000 0.867 0.918 0.959 0.969 1.000 0.857 0.969 0.980 0.898 0.939 1.000 0.939 0.969 0.980 0.663 0.806 0.816 0.653 0.980 0.980 0.969 1.000 1.000 0.980 0.969 0.969 0.939 1.000 0.898 0.990 0.898 0.959 0.990 0.918 0.745 1.000 0.980 0.888 1.000 1.000 0.969 ]
Empty labelvectors (predicted) 0    
Label cardinality (predicted)  24.52
Levenshtein distance           0.136


== Additional Measurements (averaged across folds)

Number of training instances   98
Number of test instances       98
Label cardinality (train set)  26.408
Label cardinality (test set)   26.363
Build Time                     0.345
Test Time                      0.05 
Total Time                     0.395


Averaging: 0.37708655986121414