== Evaluation Info

Classifier                     Prepare_CC.Base_CC
Options                        [-S, 0, -W, weka.classifiers.trees.J48, --, -C, 0.25, -M, 2]
Additional Info                [99, 161, 7, 0, 160, 128, 23, 39, 169, 112, 59, 5, 80, 131, 126, 171, 3, 173, 69, 118, 146, 137, 104, 44, 74, 62, 42, 127, 93, 18, 70, 73, 124, 21, 170, 24, 13, 148, 145, 114, 166, 22, 86, 28, 157, 83, 94, 163, 43, 54, 82, 53, 75, 150, 33, 92, 152, 121, 50, 147, 46, 87, 20, 57, 2, 120, 35, 66, 102, 49, 67, 100, 8, 40, 51, 68, 142, 15, 172, 122, 79, 139, 101, 106, 140, 88, 84, 136, 29, 16, 27, 117, 11, 134, 168, 97, 78, 125, 1, 123, 55, 119, 6, 34, 144, 164, 71, 65, 115, 47, 63, 85, 61, 116, 141, 155, 81, 12, 36, 98, 60, 105, 25, 58, 90, 154, 113, 9, 45, 138, 14, 108, 96, 72, 109, 41, 38, 26, 135, 64, 95, 130, 91, 133, 17, 31, 103, 48, 111, 159, 162, 167, 19, 153, 76, 30, 10, 52, 110, 107, 89, 32, 4, 37, 56, 77, 129, 132, 143, 149, 151, 156, 158, 165]
Dataset                        CAL500
Number of labels (L)           174
Type                           ML-CV
Threshold                      0.5
Verbosity                      3


== Predictive Performance

Number of test instances (N)   
Accuracy                       0.236
Jaccard index                  0.236
Hamming score                  0.825
Exact match                    0    
Jaccard distance               0.764
Hamming loss                   0.175
ZeroOne loss                   1    
Harmonic score                 0.493
One error                      0.329
Rank loss                      0.362
Avg precision                  0.259
Log Loss (lim. L)              0.904
Log Loss (lim. D)              0.758
F1 (micro averaged)            0.38 
F1 (macro averaged by example) 0.375
F1 (macro averaged by label)   0.132
AUPRC (macro averaged)         NaN
AUROC (macro averaged)         NaN
Curve Data                     
Macro Curve Data               
Micro Curve Data               
Label indices                  [     0     1     2     3     4     5     6     7     8     9    10    11    12    13    14    15    16    17    18    19    20    21    22    23    24    25    26    27    28    29    30    31    32    33    34    35    36    37    38    39    40    41    42    43    44    45    46    47    48    49    50    51    52    53    54    55    56    57    58    59    60    61    62    63    64    65    66    67    68    69    70    71    72    73    74    75    76    77    78    79    80    81    82    83    84    85    86    87    88    89    90    91    92    93    94    95    96    97    98    99   100   101   102   103   104   105   106   107   108   109   110   111   112   113   114   115   116   117   118   119   120   121   122   123   124   125   126   127   128   129   130   131   132   133   134   135   136   137   138   139   140   141   142   143   144   145   146   147   148   149   150   151   152   153   154   155   156   157   158   159   160   161   162   163   164   165   166   167   168   169   170   171   172   173 ]
Accuracy (per label)           [ 0.921 0.605 0.461 0.921 1.000 0.513 0.605 0.618 0.632 0.776 0.632 0.934 0.632 0.724 0.421 0.921 0.500 0.961 0.711 0.539 0.632 0.763 0.618 0.553 0.566 0.934 0.526 0.908 0.513 0.934 0.974 0.618 0.829 0.461 0.697 0.526 0.842 1.000 0.947 0.987 0.816 0.974 0.868 0.947 0.974 0.882 0.961 0.921 0.961 0.908 0.947 0.974 0.961 0.855 0.763 0.961 1.000 0.921 0.974 0.974 0.987 0.987 0.789 0.645 0.829 0.776 0.961 0.934 0.961 0.434 0.461 0.895 0.447 0.711 0.895 0.632 0.934 1.000 0.882 0.500 0.987 0.711 0.974 0.855 0.974 0.947 0.658 0.987 0.974 0.842 0.987 0.487 0.987 0.855 0.553 0.618 0.868 0.658 0.829 0.605 0.947 0.500 0.961 0.474 0.961 0.461 0.987 0.474 0.934 0.816 0.974 0.461 0.500 0.500 0.737 0.947 0.539 0.618 0.618 0.868 0.855 0.474 0.947 0.855 0.934 0.895 0.908 0.947 0.855 1.000 0.882 0.987 1.000 0.934 0.947 0.974 0.882 0.947 0.737 0.961 0.987 0.776 0.934 1.000 0.987 0.987 0.974 0.658 0.789 1.000 0.868 1.000 0.974 0.921 0.934 0.947 1.000 0.987 1.000 0.987 0.961 0.921 0.895 0.961 0.961 1.000 0.961 0.921 0.895 0.987 0.895 0.921 0.987 0.947 ]
Empty labelvectors (predicted) 0    
Label cardinality (predicted)  22.145
Levenshtein distance           0.143


== Additional Measurements (averaged across folds)

Number of training instances   76
Number of test instances       76
Label cardinality (train set)  27.013
Label cardinality (test set)   26.98
Build Time                     0.27 
Test Time                      0.039
Total Time                     0.309


Averaging: 0.35368671689814457