== Evaluation Info

Classifier                     Prepare_CC.Base_CC
Options                        [-S, 0, -W, weka.classifiers.trees.J48, --, -C, 0.25, -M, 2]
Additional Info                [32, 6, 58, 139, 98, 60, 8, 123, 100, 103, 52, 92, 127, 118, 105, 121, 122, 85, 59, 113, 102, 106, 125, 116, 96, 5, 46, 142, 24, 1, 17, 64, 12, 90, 9, 54, 97, 81, 67, 31, 143, 42, 25, 124, 77, 114, 62, 33, 132, 34, 43, 23, 107, 120, 30, 144, 76, 109, 16, 83, 48, 138, 61, 70, 29, 14, 51, 129, 84, 44, 112, 94, 74, 134, 108, 99, 111, 91, 53, 130, 56, 128, 68, 49, 15, 87, 104, 80, 89, 26, 50, 119, 93, 101, 88, 79, 39, 57, 110, 0, 41, 11, 71, 63, 66, 65, 27, 72, 137, 115, 35, 73, 140, 141, 55, 69, 75, 36, 133, 126, 10, 47, 95, 28, 19, 13, 3, 20, 18, 4, 40, 21, 7, 136, 78, 86, 82, 37, 135, 22, 2, 38, 45, 117, 131]
Dataset                        CAL500
Number of labels (L)           145
Type                           ML-CV
Threshold                      0.5
Verbosity                      3


== Predictive Performance

Number of test instances (N)   
Accuracy                       0.252
Jaccard index                  0.252
Hamming score                  0.797
Exact match                    0    
Jaccard distance               0.748
Hamming loss                   0.203
ZeroOne loss                   1    
Harmonic score                 0.512
One error                      0.547
Rank loss                      0.368
Avg precision                  0.286
Log Loss (lim. L)              1.012
Log Loss (lim. D)              0.807
F1 (micro averaged)            0.401
F1 (macro averaged by example) 0.391
F1 (macro averaged by label)   0.186
AUPRC (macro averaged)         0.198
AUROC (macro averaged)         0.512
Curve Data                     
Macro Curve Data               
Micro Curve Data               
Label indices                  [     0     1     2     3     4     5     6     7     8     9    10    11    12    13    14    15    16    17    18    19    20    21    22    23    24    25    26    27    28    29    30    31    32    33    34    35    36    37    38    39    40    41    42    43    44    45    46    47    48    49    50    51    52    53    54    55    56    57    58    59    60    61    62    63    64    65    66    67    68    69    70    71    72    73    74    75    76    77    78    79    80    81    82    83    84    85    86    87    88    89    90    91    92    93    94    95    96    97    98    99   100   101   102   103   104   105   106   107   108   109   110   111   112   113   114   115   116   117   118   119   120   121   122   123   124   125   126   127   128   129   130   131   132   133   134   135   136   137   138   139   140   141   142   143   144 ]
Accuracy (per label)           [ 0.792 0.472 0.547 0.943 0.962 0.547 0.830 0.585 0.811 0.679 0.792 0.679 0.849 0.585 0.642 0.811 0.717 0.717 0.811 0.509 0.830 0.623 0.962 0.396 0.660 0.736 0.811 0.566 0.566 0.792 0.962 0.623 0.925 0.528 0.962 0.491 0.830 0.962 0.792 0.981 0.981 0.981 0.660 0.868 0.981 0.981 0.962 0.943 0.962 0.962 0.528 0.962 0.736 0.981 0.604 0.981 0.849 0.906 0.698 0.642 0.774 0.604 0.623 0.660 0.981 0.830 0.604 0.755 0.604 0.925 0.547 0.943 0.415 0.981 0.566 0.811 0.887 0.509 0.566 0.887 0.528 0.887 0.604 0.962 0.755 0.830 0.736 0.774 0.604 0.830 0.717 0.943 0.981 0.679 0.528 0.623 0.604 0.962 0.679 0.642 0.509 0.981 0.849 0.491 0.755 0.792 0.830 0.925 0.906 0.981 0.981 0.925 0.962 0.981 0.925 0.623 0.811 0.962 0.943 0.981 0.868 0.925 0.981 0.736 0.943 0.887 0.774 0.868 0.962 0.943 0.981 0.981 0.981 0.660 0.755 0.811 0.981 0.943 0.981 0.962 0.943 0.962 0.868 0.962 0.962 ]
Empty labelvectors (predicted) 0    
Label cardinality (predicted)  23.208
Levenshtein distance           0.163


== Additional Measurements (averaged across folds)

Number of training instances   53
Number of test instances       53
Label cardinality (train set)  25.962
Label cardinality (test set)   25.927
Build Time                     0.258
Test Time                      0.032
Total Time                     0.29 


Averaging: 0.34959094599381163