== Evaluation Info

Classifier                     Prepare_CC.Base_CC
Options                        [-S, 0, -W, weka.classifiers.trees.J48, --, -C, 0.25, -M, 2]
Additional Info                [134, 140, 26, 8, 21, 71, 116, 59, 148, 139, 24, 57, 75, 108, 143, 161, 78, 23, 142, 31, 166, 138, 0, 9, 107, 82, 33, 85, 147, 100, 80, 69, 14, 22, 117, 123, 48, 76, 42, 132, 50, 121, 159, 99, 18, 44, 86, 128, 16, 28, 68, 170, 101, 106, 96, 12, 20, 11, 5, 66, 62, 58, 102, 150, 35, 137, 30, 60, 19, 53, 29, 92, 49, 36, 98, 127, 162, 70, 94, 63, 45, 83, 141, 155, 3, 56, 25, 87, 97, 165, 13, 43, 104, 167, 122, 34, 54, 153, 146, 124, 77, 145, 64, 154, 72, 115, 144, 163, 91, 10, 157, 164, 118, 32, 47, 65, 135, 111, 74, 73, 172, 67, 109, 103, 38, 46, 160, 15, 39, 149, 126, 17, 120, 6, 4, 89, 61, 37, 93, 52, 2, 129, 125, 7, 112, 105, 158, 1, 130, 169, 79, 41, 114, 84, 40, 81, 88, 27, 95, 156, 113, 51, 55, 90, 110, 119, 131, 133, 136, 151, 152, 168, 171, 173]
Dataset                        CAL500
Number of labels (L)           174
Type                           ML-CV
Threshold                      0.5
Verbosity                      3


== Predictive Performance

Number of test instances (N)   
Accuracy                       0.204
Jaccard index                  0.204
Hamming score                  0.833
Exact match                    0    
Jaccard distance               0.796
Hamming loss                   0.167
ZeroOne loss                   1    
Harmonic score                 0.452
One error                      0.434
Rank loss                      0.362
Avg precision                  0.222
Log Loss (lim. L)              0.862
Log Loss (lim. D)              0.738
F1 (micro averaged)            0.331
F1 (macro averaged by example) 0.333
F1 (macro averaged by label)   0.118
AUPRC (macro averaged)         NaN
AUROC (macro averaged)         NaN
Curve Data                     
Macro Curve Data               
Micro Curve Data               
Label indices                  [     0     1     2     3     4     5     6     7     8     9    10    11    12    13    14    15    16    17    18    19    20    21    22    23    24    25    26    27    28    29    30    31    32    33    34    35    36    37    38    39    40    41    42    43    44    45    46    47    48    49    50    51    52    53    54    55    56    57    58    59    60    61    62    63    64    65    66    67    68    69    70    71    72    73    74    75    76    77    78    79    80    81    82    83    84    85    86    87    88    89    90    91    92    93    94    95    96    97    98    99   100   101   102   103   104   105   106   107   108   109   110   111   112   113   114   115   116   117   118   119   120   121   122   123   124   125   126   127   128   129   130   131   132   133   134   135   136   137   138   139   140   141   142   143   144   145   146   147   148   149   150   151   152   153   154   155   156   157   158   159   160   161   162   163   164   165   166   167   168   169   170   171   172   173 ]
Accuracy (per label)           [ 0.976 0.578 0.771 0.711 0.855 0.470 0.578 0.699 0.614 0.530 0.675 0.566 0.470 0.795 0.892 0.639 0.627 0.651 0.530 0.699 0.735 0.542 0.687 0.639 0.518 0.819 0.651 0.735 0.687 0.723 0.771 0.590 0.663 0.783 0.687 0.639 0.699 0.976 0.988 0.964 0.843 0.976 0.928 0.964 0.988 0.988 0.988 0.988 0.976 0.988 0.976 1.000 0.940 0.795 0.928 1.000 0.988 0.964 0.892 0.723 0.928 0.976 0.928 0.819 0.892 0.711 0.976 0.771 0.795 0.627 0.590 0.831 0.530 0.602 0.735 0.590 0.988 0.940 0.928 0.482 0.976 0.747 0.807 0.952 0.819 0.952 0.807 0.952 0.964 0.952 1.000 0.663 0.699 0.928 0.602 0.771 0.711 0.771 0.711 0.566 0.735 0.687 0.711 0.590 0.880 0.470 0.988 0.795 0.663 0.940 1.000 0.494 0.627 0.663 0.747 0.892 0.892 0.506 0.904 1.000 0.892 0.663 0.976 0.964 0.795 0.952 0.976 0.964 0.964 0.988 0.916 1.000 0.988 1.000 0.880 0.988 1.000 0.976 0.735 0.976 0.988 0.964 0.988 0.976 0.988 0.988 0.964 0.904 0.831 0.867 0.928 1.000 1.000 0.928 0.988 0.988 0.988 0.771 0.988 0.988 0.964 0.928 0.988 0.892 0.988 0.988 0.964 0.904 1.000 0.988 0.904 1.000 0.988 1.000 ]
Empty labelvectors (predicted) 0    
Label cardinality (predicted)  19.554
Levenshtein distance           0.133


== Additional Measurements (averaged across folds)

Number of training instances   83
Number of test instances       83
Label cardinality (train set)  23.928
Label cardinality (test set)   23.943
Build Time                     0.283
Test Time                      0.043
Total Time                     0.326


Averaging: 0.34565362764977864