== Evaluation Info

Classifier                     Prepare_CC.Base_CC
Options                        [-S, 0, -W, weka.classifiers.trees.J48, --, -C, 0.25, -M, 2]
Additional Info                [32, 23, 74, 54, 11, 36, 123, 69, 52, 90, 126, 171, 27, 49, 28, 8, 111, 130, 21, 47, 81, 147, 150, 40, 9, 77, 140, 161, 66, 109, 35, 104, 153, 24, 86, 125, 61, 7, 141, 138, 131, 151, 106, 3, 95, 157, 166, 2, 114, 17, 22, 13, 31, 116, 14, 105, 165, 101, 51, 60, 124, 169, 93, 158, 118, 154, 4, 134, 39, 56, 92, 145, 71, 117, 112, 164, 42, 102, 82, 107, 83, 53, 115, 68, 122, 64, 78, 97, 170, 63, 137, 85, 5, 99, 20, 41, 58, 87, 75, 43, 100, 62, 25, 149, 46, 72, 1, 135, 38, 163, 96, 152, 70, 121, 89, 139, 67, 108, 110, 113, 98, 0, 155, 167, 156, 12, 29, 79, 57, 6, 30, 76, 73, 148, 128, 26, 142, 16, 33, 127, 84, 15, 59, 91, 45, 18, 94, 159, 34, 133, 120, 144, 19, 50, 10, 103, 44, 65, 37, 48, 55, 80, 88, 119, 129, 132, 136, 143, 146, 160, 162, 168, 172, 173]
Dataset                        CAL500
Number of labels (L)           174
Type                           ML-CV
Threshold                      0.5
Verbosity                      3


== Predictive Performance

Number of test instances (N)   
Accuracy                       0.251
Jaccard index                  0.251
Hamming score                  0.841
Exact match                    0    
Jaccard distance               0.749
Hamming loss                   0.159
ZeroOne loss                   1    
Harmonic score                 0.525
One error                      0.536
Rank loss                      0.345
Avg precision                  0.259
Log Loss (lim. L)              0.819
Log Loss (lim. D)              0.704
F1 (micro averaged)            0.396
F1 (macro averaged by example) 0.394
F1 (macro averaged by label)   0.117
AUPRC (macro averaged)         NaN
AUROC (macro averaged)         NaN
Curve Data                     
Macro Curve Data               
Micro Curve Data               
Label indices                  [     0     1     2     3     4     5     6     7     8     9    10    11    12    13    14    15    16    17    18    19    20    21    22    23    24    25    26    27    28    29    30    31    32    33    34    35    36    37    38    39    40    41    42    43    44    45    46    47    48    49    50    51    52    53    54    55    56    57    58    59    60    61    62    63    64    65    66    67    68    69    70    71    72    73    74    75    76    77    78    79    80    81    82    83    84    85    86    87    88    89    90    91    92    93    94    95    96    97    98    99   100   101   102   103   104   105   106   107   108   109   110   111   112   113   114   115   116   117   118   119   120   121   122   123   124   125   126   127   128   129   130   131   132   133   134   135   136   137   138   139   140   141   142   143   144   145   146   147   148   149   150   151   152   153   154   155   156   157   158   159   160   161   162   163   164   165   166   167   168   169   170   171   172   173 ]
Accuracy (per label)           [ 0.893 0.500 0.619 0.774 0.988 0.524 0.750 0.512 0.738 0.571 0.857 0.536 0.726 0.750 0.643 0.619 0.857 0.655 0.845 0.583 0.857 0.500 0.964 0.726 0.619 0.762 0.893 0.595 0.595 0.762 0.929 0.488 0.964 0.500 0.988 0.595 0.512 1.000 0.988 0.964 0.607 0.988 0.988 0.988 0.964 0.976 0.988 0.988 1.000 0.869 0.940 0.964 0.917 0.786 0.964 1.000 0.976 0.940 0.905 0.917 0.964 0.976 0.964 0.810 0.964 0.500 0.929 0.750 0.976 0.571 0.560 0.940 0.536 0.560 0.738 0.857 0.952 0.976 0.988 0.786 1.000 0.845 0.964 0.988 0.940 0.988 0.643 0.976 1.000 0.976 0.988 0.655 0.583 0.845 0.476 0.631 0.810 0.690 0.905 0.452 0.929 0.667 0.798 0.619 0.786 0.571 0.976 0.881 0.643 0.774 0.988 0.524 0.738 0.619 0.786 0.917 0.952 0.464 0.869 1.000 0.952 0.548 0.964 0.857 0.929 0.857 0.929 0.964 0.988 1.000 0.940 0.976 1.000 0.845 0.905 0.952 1.000 0.988 0.893 0.988 0.976 0.976 0.905 1.000 0.976 0.976 1.000 0.833 0.786 0.702 0.750 0.964 0.988 0.845 0.988 0.976 0.952 0.976 0.988 0.976 1.000 0.952 1.000 0.869 0.940 0.988 0.952 0.845 1.000 0.988 0.869 0.988 1.000 1.000 ]
Empty labelvectors (predicted) 0    
Label cardinality (predicted)  21.5
Levenshtein distance           0.134


== Additional Measurements (averaged across folds)

Number of training instances   84
Number of test instances       84
Label cardinality (train set)  24.274
Label cardinality (test set)   24.268
Build Time                     0.29 
Test Time                      0.044
Total Time                     0.334


Averaging: 0.3640122735058191