== Evaluation Info

Classifier                     Prepare_CC.Base_CC
Options                        [-S, 0, -W, weka.classifiers.trees.J48, --, -C, 0.25, -M, 2]
Additional Info                [57, 62, 65, 82, 13, 110, 76, 120, 34, 15, 168, 25, 28, 94, 14, 0, 67, 134, 167, 19, 53, 50, 92, 157, 145, 21, 60, 121, 61, 146, 63, 24, 173, 159, 109, 35, 116, 124, 20, 108, 51, 118, 22, 104, 133, 88, 117, 112, 71, 131, 95, 36, 114, 55, 52, 8, 16, 68, 26, 99, 64, 41, 135, 111, 166, 83, 122, 59, 115, 163, 81, 152, 162, 3, 75, 46, 102, 10, 54, 7, 144, 141, 96, 73, 123, 2, 6, 160, 170, 49, 105, 138, 5, 171, 40, 106, 97, 78, 32, 86, 38, 39, 136, 132, 150, 101, 70, 74, 89, 98, 45, 137, 1, 31, 23, 69, 30, 126, 119, 172, 43, 90, 9, 33, 18, 148, 47, 17, 79, 161, 12, 72, 44, 113, 27, 91, 107, 130, 42, 103, 140, 58, 154, 142, 128, 93, 125, 29, 155, 85, 147, 169, 48, 139, 4, 11, 37, 56, 66, 77, 80, 84, 87, 100, 127, 129, 143, 149, 151, 153, 156, 158, 164, 165]
Dataset                        CAL500
Number of labels (L)           174
Type                           ML-CV
Threshold                      0.5
Verbosity                      3


== Predictive Performance

Number of test instances (N)   
Accuracy                       0.256
Jaccard index                  0.256
Hamming score                  0.816
Exact match                    0    
Jaccard distance               0.744
Hamming loss                   0.184
ZeroOne loss                   1    
Harmonic score                 0.545
One error                      0.333
Rank loss                      0.351
Avg precision                  0.27 
Log Loss (lim. L)              0.951
Log Loss (lim. D)              0.724
F1 (micro averaged)            0.404
F1 (macro averaged by example) 0.402
F1 (macro averaged by label)   0.138
AUPRC (macro averaged)         NaN
AUROC (macro averaged)         NaN
Curve Data                     
Macro Curve Data               
Micro Curve Data               
Label indices                  [     0     1     2     3     4     5     6     7     8     9    10    11    12    13    14    15    16    17    18    19    20    21    22    23    24    25    26    27    28    29    30    31    32    33    34    35    36    37    38    39    40    41    42    43    44    45    46    47    48    49    50    51    52    53    54    55    56    57    58    59    60    61    62    63    64    65    66    67    68    69    70    71    72    73    74    75    76    77    78    79    80    81    82    83    84    85    86    87    88    89    90    91    92    93    94    95    96    97    98    99   100   101   102   103   104   105   106   107   108   109   110   111   112   113   114   115   116   117   118   119   120   121   122   123   124   125   126   127   128   129   130   131   132   133   134   135   136   137   138   139   140   141   142   143   144   145   146   147   148   149   150   151   152   153   154   155   156   157   158   159   160   161   162   163   164   165   166   167   168   169   170   171   172   173 ]
Accuracy (per label)           [ 0.902 0.588 0.510 0.980 1.000 0.627 0.569 0.608 0.471 0.882 0.490 1.000 0.569 0.804 0.471 0.980 0.549 0.980 0.627 0.510 0.588 0.804 0.627 0.549 0.490 0.863 0.510 0.882 0.431 0.980 0.980 0.490 0.824 0.431 0.686 0.588 0.902 1.000 0.843 0.980 0.824 0.980 0.863 0.961 0.980 0.863 0.980 0.882 0.863 0.922 0.843 0.941 0.961 0.902 0.765 0.824 1.000 0.824 0.980 0.980 0.980 0.980 0.608 0.647 0.843 0.686 1.000 0.922 0.980 0.667 0.588 0.882 0.529 0.706 0.863 0.627 0.980 1.000 0.784 0.686 1.000 0.608 0.980 0.765 1.000 0.902 0.667 1.000 0.882 0.765 0.980 0.706 0.980 0.882 0.569 0.588 0.745 0.569 0.765 0.647 1.000 0.471 0.980 0.333 0.980 0.510 0.980 0.373 0.882 0.686 0.980 0.353 0.490 0.569 0.667 0.961 0.706 0.686 0.706 0.804 0.784 0.510 0.941 0.882 0.980 0.608 0.824 1.000 0.961 1.000 0.922 0.980 0.980 0.863 0.980 0.961 0.843 0.980 0.569 0.941 0.980 0.804 0.922 1.000 0.980 0.980 0.980 0.647 0.804 1.000 0.882 1.000 0.922 1.000 0.980 0.863 1.000 0.980 1.000 0.980 0.804 0.922 0.882 0.980 1.000 1.000 0.922 0.922 0.941 0.980 0.941 0.863 0.922 0.863 ]
Empty labelvectors (predicted) 0    
Label cardinality (predicted)  26.431
Levenshtein distance           0.15 


== Additional Measurements (averaged across folds)

Number of training instances   51
Number of test instances       51
Label cardinality (train set)  27.393
Label cardinality (test set)   27.42
Build Time                     0.128
Test Time                      0.033
Total Time                     0.161


Averaging: 0.3573428277258661