== Evaluation Info

Classifier                     Prepare_CC.Base_CC
Options                        [-S, 0, -W, weka.classifiers.trees.J48, --, -C, 0.25, -M, 2]
Additional Info                [129, 172, 108, 76, 57, 168, 110, 142, 13, 72, 12, 30, 141, 22, 99, 8, 139, 6, 147, 5, 79, 32, 15, 18, 9, 63, 90, 73, 87, 24, 119, 39, 40, 98, 116, 83, 126, 132, 169, 161, 34, 135, 164, 25, 70, 31, 1, 156, 127, 124, 86, 11, 52, 28, 47, 44, 53, 121, 118, 102, 21, 150, 16, 101, 74, 114, 120, 107, 85, 170, 171, 68, 67, 89, 20, 138, 46, 162, 115, 91, 3, 81, 10, 29, 58, 146, 60, 105, 103, 128, 137, 130, 96, 80, 100, 37, 160, 27, 75, 26, 64, 104, 113, 65, 43, 42, 167, 93, 69, 23, 154, 149, 112, 134, 66, 17, 117, 94, 111, 109, 136, 92, 54, 62, 153, 148, 158, 36, 78, 0, 2, 4, 7, 14, 19, 33, 35, 38, 41, 45, 48, 49, 50, 51, 55, 56, 59, 61, 71, 77, 82, 84, 88, 95, 97, 106, 122, 123, 125, 131, 133, 140, 143, 144, 145, 151, 152, 155, 157, 159, 163, 165, 166, 173]
Dataset                        CAL500
Number of labels (L)           174
Type                           ML-CV
Threshold                      0.5
Verbosity                      3


== Predictive Performance

Number of test instances (N)   
Accuracy                       0.317
Jaccard index                  0.317
Hamming score                  0.841
Exact match                    0    
Jaccard distance               0.683
Hamming loss                   0.159
ZeroOne loss                   1    
Harmonic score                 0.61 
One error                      0.02 
Rank loss                      0.302
Avg precision                  0.324
Log Loss (lim. L)              0.819
Log Loss (lim. D)              0.624
F1 (micro averaged)            0.478
F1 (macro averaged by example) 0.477
F1 (macro averaged by label)   0.139
AUPRC (macro averaged)         NaN
AUROC (macro averaged)         NaN
Curve Data                     
Macro Curve Data               
Micro Curve Data               
Label indices                  [     0     1     2     3     4     5     6     7     8     9    10    11    12    13    14    15    16    17    18    19    20    21    22    23    24    25    26    27    28    29    30    31    32    33    34    35    36    37    38    39    40    41    42    43    44    45    46    47    48    49    50    51    52    53    54    55    56    57    58    59    60    61    62    63    64    65    66    67    68    69    70    71    72    73    74    75    76    77    78    79    80    81    82    83    84    85    86    87    88    89    90    91    92    93    94    95    96    97    98    99   100   101   102   103   104   105   106   107   108   109   110   111   112   113   114   115   116   117   118   119   120   121   122   123   124   125   126   127   128   129   130   131   132   133   134   135   136   137   138   139   140   141   142   143   144   145   146   147   148   149   150   151   152   153   154   155   156   157   158   159   160   161   162   163   164   165   166   167   168   169   170   171   172   173 ]
Accuracy (per label)           [ 1.000 0.980 1.000 0.510 1.000 0.588 0.706 1.000 0.745 0.608 0.902 0.471 0.549 0.941 1.000 0.745 0.745 0.529 0.471 1.000 0.686 0.667 0.412 0.765 0.588 0.980 0.588 0.804 0.647 0.667 0.549 0.765 0.804 1.000 0.353 1.000 0.922 0.941 1.000 0.980 0.804 1.000 0.882 0.824 0.980 1.000 0.961 0.961 1.000 1.000 1.000 1.000 0.765 0.824 0.824 1.000 1.000 0.765 0.686 1.000 0.627 1.000 0.725 0.804 0.784 0.804 0.961 0.706 0.980 0.431 0.608 1.000 0.647 0.706 0.980 0.725 0.922 1.000 0.980 0.471 0.980 0.529 1.000 0.863 1.000 0.843 0.902 0.980 1.000 0.980 0.863 0.608 0.686 0.941 0.490 1.000 0.549 1.000 0.490 0.824 0.431 0.588 0.843 0.706 0.725 0.588 1.000 0.608 0.706 0.725 0.980 0.922 0.569 0.784 0.706 0.902 0.941 0.471 0.980 0.980 0.961 0.667 1.000 1.000 0.608 1.000 0.980 0.863 0.725 0.902 0.882 1.000 0.961 1.000 0.980 0.941 0.961 0.980 0.529 0.980 1.000 0.863 0.941 1.000 1.000 1.000 0.980 0.961 0.588 0.941 0.824 1.000 1.000 0.843 0.980 1.000 0.843 1.000 0.980 1.000 0.922 0.980 0.824 1.000 0.980 1.000 1.000 0.980 0.922 0.980 0.882 0.902 0.902 1.000 ]
Empty labelvectors (predicted) 0    
Label cardinality (predicted)  25.392
Levenshtein distance           0.135


== Additional Measurements (averaged across folds)

Number of training instances   51
Number of test instances       51
Label cardinality (train set)  27.49
Label cardinality (test set)   27.46
Build Time                     0.122
Test Time                      0.025
Total Time                     0.147


Averaging: 0.38616867282037365