== Evaluation Info

Classifier                     Prepare_CC.Base_CC
Options                        [-S, 0, -W, weka.classifiers.trees.J48, --, -C, 0.25, -M, 2]
Additional Info                [15, 65, 59, 165, 106, 84, 53, 21, 130, 149, 47, 27, 115, 98, 79, 86, 14, 49, 50, 135, 101, 119, 60, 93, 108, 136, 142, 99, 36, 161, 57, 40, 114, 158, 125, 128, 13, 138, 107, 91, 85, 163, 113, 64, 117, 32, 4, 67, 11, 19, 172, 30, 72, 35, 25, 87, 162, 116, 20, 54, 39, 46, 94, 12, 45, 58, 77, 83, 96, 121, 29, 148, 145, 74, 122, 173, 151, 111, 48, 123, 112, 159, 33, 8, 102, 71, 34, 139, 97, 103, 2, 76, 88, 105, 120, 17, 61, 1, 66, 147, 24, 22, 118, 169, 89, 62, 7, 109, 70, 170, 134, 144, 150, 73, 69, 153, 167, 5, 141, 9, 63, 164, 146, 23, 75, 10, 166, 80, 55, 18, 28, 78, 26, 157, 133, 0, 31, 131, 6, 95, 16, 81, 3, 37, 38, 41, 42, 43, 44, 51, 52, 56, 68, 82, 90, 92, 100, 104, 110, 124, 126, 127, 129, 132, 137, 140, 143, 152, 154, 155, 156, 160, 168, 171]
Dataset                        CAL500
Number of labels (L)           174
Type                           ML-CV
Threshold                      0.5
Verbosity                      3


== Predictive Performance

Number of test instances (N)   
Accuracy                       0.345
Jaccard index                  0.345
Hamming score                  0.849
Exact match                    0    
Jaccard distance               0.655
Hamming loss                   0.151
ZeroOne loss                   1    
Harmonic score                 0.638
One error                      0.359
Rank loss                      0.288
Avg precision                  0.352
Log Loss (lim. L)              0.78 
Log Loss (lim. D)              0.629
F1 (micro averaged)            0.509
F1 (macro averaged by example) 0.505
F1 (macro averaged by label)   0.15 
AUPRC (macro averaged)         NaN
AUROC (macro averaged)         NaN
Curve Data                     
Macro Curve Data               
Micro Curve Data               
Label indices                  [     0     1     2     3     4     5     6     7     8     9    10    11    12    13    14    15    16    17    18    19    20    21    22    23    24    25    26    27    28    29    30    31    32    33    34    35    36    37    38    39    40    41    42    43    44    45    46    47    48    49    50    51    52    53    54    55    56    57    58    59    60    61    62    63    64    65    66    67    68    69    70    71    72    73    74    75    76    77    78    79    80    81    82    83    84    85    86    87    88    89    90    91    92    93    94    95    96    97    98    99   100   101   102   103   104   105   106   107   108   109   110   111   112   113   114   115   116   117   118   119   120   121   122   123   124   125   126   127   128   129   130   131   132   133   134   135   136   137   138   139   140   141   142   143   144   145   146   147   148   149   150   151   152   153   154   155   156   157   158   159   160   161   162   163   164   165   166   167   168   169   170   171   172   173 ]
Accuracy (per label)           [ 0.984 0.531 0.469 1.000 0.969 0.703 0.906 0.516 0.469 0.844 0.609 0.938 0.656 0.875 0.500 0.984 0.625 0.922 0.953 0.625 0.656 0.906 0.922 0.500 0.500 0.938 0.453 0.984 0.531 0.984 0.984 0.750 0.906 0.531 0.953 0.563 0.719 1.000 1.000 0.953 0.531 1.000 1.000 1.000 1.000 0.938 0.984 0.875 0.984 0.984 0.891 1.000 1.000 0.938 0.891 0.969 1.000 0.922 0.984 0.922 0.984 0.984 0.969 0.813 0.828 0.391 0.891 0.891 1.000 0.391 0.594 0.906 0.578 0.594 0.781 0.844 0.984 0.969 0.953 0.750 0.984 0.891 1.000 0.953 0.938 0.984 0.641 0.969 0.953 0.891 1.000 0.547 1.000 0.828 0.563 0.469 0.984 0.516 0.828 0.813 1.000 0.516 0.984 0.688 1.000 0.547 0.922 0.531 0.922 0.797 1.000 0.594 0.672 0.641 0.469 0.984 0.609 0.594 0.625 0.984 0.688 0.500 0.859 0.859 1.000 0.922 1.000 1.000 0.984 1.000 0.984 0.969 1.000 0.984 0.969 0.844 0.938 1.000 0.813 0.938 1.000 0.844 0.969 1.000 0.984 0.984 0.984 0.703 0.859 0.953 0.547 0.984 1.000 0.984 1.000 1.000 1.000 0.953 0.984 0.984 1.000 0.922 0.969 0.875 0.891 0.984 0.922 0.813 1.000 0.984 0.891 1.000 0.969 0.969 ]
Empty labelvectors (predicted) 0    
Label cardinality (predicted)  26.047
Levenshtein distance           0.131


== Additional Measurements (averaged across folds)

Number of training instances   64
Number of test instances       64
Label cardinality (train set)  27.562
Label cardinality (test set)   27.545
Build Time                     0.18 
Test Time                      0.033
Total Time                     0.213


Averaging: 0.39798494097026405