== Evaluation Info

Classifier                     Prepare_CC.Base_CC
Options                        [-S, 0, -W, weka.classifiers.trees.J48, --, -C, 0.25, -M, 2]
Additional Info                [116, 6, 155, 127, 79, 98, 51, 44, 115, 11, 117, 39, 149, 89, 50, 48, 105, 152, 57, 131, 133, 40, 75, 63, 7, 33, 93, 95, 28, 72, 113, 13, 26, 77, 32, 157, 70, 20, 150, 68, 123, 67, 58, 17, 110, 147, 130, 96, 118, 27, 4, 126, 143, 81, 10, 73, 24, 29, 102, 160, 129, 85, 56, 100, 87, 14, 146, 132, 62, 148, 138, 124, 34, 16, 153, 151, 42, 19, 23, 125, 141, 61, 103, 59, 106, 145, 144, 82, 43, 88, 54, 86, 37, 46, 112, 108, 60, 137, 25, 136, 8, 134, 109, 21, 12, 30, 22, 3, 65, 35, 1, 158, 101, 71, 18, 90, 92, 0, 69, 36, 78, 2, 139, 5, 128, 80, 47, 122, 31, 66, 41, 159, 76, 142, 55, 94, 49, 38, 104, 156, 120, 45, 83, 52, 15, 53, 91, 84, 140, 154, 119, 114, 111, 9, 107, 97, 99, 135, 64, 74, 121]
Dataset                        CAL500
Number of labels (L)           161
Type                           ML-CV
Threshold                      0.5
Verbosity                      3


== Predictive Performance

Number of test instances (N)   
Accuracy                       0.199
Jaccard index                  0.199
Hamming score                  0.81 
Exact match                    0    
Jaccard distance               0.801
Hamming loss                   0.19 
ZeroOne loss                   1    
Harmonic score                 0.446
One error                      0.456
Rank loss                      0.39 
Avg precision                  0.229
Log Loss (lim. L)              0.963
Log Loss (lim. D)              0.853
F1 (micro averaged)            0.323
F1 (macro averaged by example) 0.325
F1 (macro averaged by label)   0.131
AUPRC (macro averaged)         0.156
AUROC (macro averaged)         0.497
Curve Data                     
Macro Curve Data               
Micro Curve Data               
Label indices                  [     0     1     2     3     4     5     6     7     8     9    10    11    12    13    14    15    16    17    18    19    20    21    22    23    24    25    26    27    28    29    30    31    32    33    34    35    36    37    38    39    40    41    42    43    44    45    46    47    48    49    50    51    52    53    54    55    56    57    58    59    60    61    62    63    64    65    66    67    68    69    70    71    72    73    74    75    76    77    78    79    80    81    82    83    84    85    86    87    88    89    90    91    92    93    94    95    96    97    98    99   100   101   102   103   104   105   106   107   108   109   110   111   112   113   114   115   116   117   118   119   120   121   122   123   124   125   126   127   128   129   130   131   132   133   134   135   136   137   138   139   140   141   142   143   144   145   146   147   148   149   150   151   152   153   154   155   156   157   158   159   160 ]
Accuracy (per label)           [ 0.978 0.467 0.811 0.733 0.911 0.522 0.633 0.689 0.578 0.600 0.644 0.456 0.533 0.800 0.867 0.522 0.656 0.600 0.633 0.733 0.622 0.500 0.678 0.533 0.489 0.822 0.678 0.667 0.678 0.789 0.844 0.500 0.611 0.689 0.767 0.600 0.656 0.956 0.989 0.956 0.733 0.989 0.967 0.944 0.989 0.978 0.989 0.944 0.989 0.978 0.922 0.800 0.867 0.989 0.967 0.911 0.800 0.933 0.967 0.911 0.767 0.878 0.533 0.967 0.733 0.822 0.611 0.578 0.911 0.544 0.489 0.833 0.733 0.989 0.978 0.867 0.578 0.978 0.789 0.844 0.933 0.889 0.933 0.811 0.933 0.922 0.922 0.989 0.600 0.633 0.889 0.444 0.667 0.644 0.800 0.733 0.567 0.678 0.556 0.789 0.556 0.833 0.500 0.989 0.756 0.800 0.889 0.611 0.500 0.667 0.678 0.867 0.889 0.433 0.911 0.856 0.589 0.978 0.967 0.789 0.956 0.978 0.967 0.956 0.989 0.844 0.989 0.944 0.978 0.978 0.789 0.944 0.989 0.933 0.989 0.989 0.989 0.989 0.967 0.911 0.844 0.867 0.844 0.911 0.989 0.989 0.989 0.833 0.989 0.989 0.956 0.956 0.956 0.822 0.978 0.989 0.967 0.922 0.989 0.922 0.956 ]
Empty labelvectors (predicted) 0    
Label cardinality (predicted)  20.822
Levenshtein distance           0.147


== Additional Measurements (averaged across folds)

Number of training instances   90
Number of test instances       90
Label cardinality (train set)  24.267
Label cardinality (test set)   24.267
Build Time                     0.415
Test Time                      0.067
Total Time                     0.482


Averaging: 0.3365398090874252