== Evaluation Info

Classifier                     Prepare_CC.Base_CC
Options                        [-S, 0, -W, weka.classifiers.trees.J48, --, -C, 0.25, -M, 2]
Additional Info                [65, 76, 46, 143, 66, 56, 146, 12, 138, 49, 102, 96, 119, 123, 62, 24, 114, 95, 108, 116, 7, 31, 77, 41, 117, 104, 33, 103, 32, 42, 105, 60, 22, 151, 59, 139, 21, 135, 83, 47, 86, 68, 6, 15, 152, 50, 91, 14, 9, 40, 17, 112, 67, 92, 43, 106, 34, 63, 18, 111, 145, 132, 97, 118, 51, 35, 124, 136, 29, 133, 58, 16, 44, 79, 8, 5, 109, 115, 72, 100, 61, 110, 38, 120, 23, 36, 30, 13, 73, 28, 82, 55, 101, 148, 125, 85, 70, 129, 53, 142, 25, 80, 137, 64, 45, 71, 144, 0, 74, 10, 130, 1, 69, 11, 39, 27, 113, 134, 78, 128, 107, 75, 153, 154, 84, 20, 52, 149, 131, 81, 94, 26, 87, 99, 54, 141, 150, 37, 126, 4, 122, 57, 88, 147, 19, 127, 140, 48, 3, 93, 121, 89, 2, 98, 90]
Dataset                        CAL500
Number of labels (L)           155
Type                           ML-CV
Threshold                      0.5
Verbosity                      3


== Predictive Performance

Number of test instances (N)   
Accuracy                       0.239
Jaccard index                  0.239
Hamming score                  0.799
Exact match                    0    
Jaccard distance               0.761
Hamming loss                   0.201
ZeroOne loss                   1    
Harmonic score                 0.502
One error                      0.486
Rank loss                      0.375
Avg precision                  0.27 
Log Loss (lim. L)              1.014
Log Loss (lim. D)              0.86 
F1 (micro averaged)            0.378
F1 (macro averaged by example) 0.375
F1 (macro averaged by label)   0.171
AUPRC (macro averaged)         0.182
AUROC (macro averaged)         0.511
Curve Data                     
Macro Curve Data               
Micro Curve Data               
Label indices                  [     0     1     2     3     4     5     6     7     8     9    10    11    12    13    14    15    16    17    18    19    20    21    22    23    24    25    26    27    28    29    30    31    32    33    34    35    36    37    38    39    40    41    42    43    44    45    46    47    48    49    50    51    52    53    54    55    56    57    58    59    60    61    62    63    64    65    66    67    68    69    70    71    72    73    74    75    76    77    78    79    80    81    82    83    84    85    86    87    88    89    90    91    92    93    94    95    96    97    98    99   100   101   102   103   104   105   106   107   108   109   110   111   112   113   114   115   116   117   118   119   120   121   122   123   124   125   126   127   128   129   130   131   132   133   134   135   136   137   138   139   140   141   142   143   144   145   146   147   148   149   150   151   152   153   154 ]
Accuracy (per label)           [ 0.778 0.500 0.542 0.847 0.958 0.500 0.736 0.514 0.736 0.514 0.722 0.528 0.722 0.639 0.556 0.806 0.639 0.611 0.792 0.458 0.806 0.556 0.944 0.556 0.722 0.722 0.708 0.583 0.556 0.819 0.847 0.458 0.806 0.528 0.944 0.639 0.792 0.972 0.806 0.986 0.986 0.931 0.736 0.986 0.986 0.986 0.833 0.944 0.917 0.931 0.958 0.903 0.986 0.875 0.667 0.944 0.847 0.986 0.625 0.972 0.667 0.986 0.806 0.833 0.653 0.694 0.639 0.639 0.736 0.972 0.792 0.542 0.778 0.819 0.931 0.792 0.944 0.458 0.500 0.806 0.889 0.472 0.639 0.611 0.556 0.764 0.486 0.764 0.639 0.833 0.667 0.681 0.597 0.986 0.750 0.694 0.861 0.917 0.639 0.583 0.569 0.833 0.958 0.611 0.500 0.611 0.944 0.889 0.722 0.944 0.833 0.819 0.889 0.903 0.986 0.986 0.861 0.931 0.986 0.861 0.778 0.931 0.903 0.986 0.861 0.958 0.875 0.944 0.972 0.847 0.958 0.958 0.778 0.875 0.972 0.972 0.958 0.931 0.958 0.986 0.986 0.736 0.986 0.861 0.903 0.972 0.931 0.986 0.972 0.889 0.972 0.958 0.847 0.972 0.972 ]
Empty labelvectors (predicted) 0    
Label cardinality (predicted)  23.736
Levenshtein distance           0.156


== Additional Measurements (averaged across folds)

Number of training instances   72
Number of test instances       72
Label cardinality (train set)  26.333
Label cardinality (test set)   26.28
Build Time                     0.224
Test Time                      0.025
Total Time                     0.249


Averaging: 0.345961113180228