== Evaluation Info

Classifier                     Prepare_CC.Base_CC
Options                        [-S, 0, -W, weka.classifiers.trees.J48, --, -C, 0.25, -M, 2]
Additional Info                [26, 53, 92, 96, 113, 6, 4, 164, 128, 10, 47, 11, 54, 76, 139, 91, 86, 69, 133, 56, 7, 18, 66, 111, 115, 30, 68, 42, 59, 153, 154, 36, 145, 8, 3, 52, 116, 117, 107, 61, 159, 80, 148, 129, 40, 43, 161, 16, 155, 157, 130, 48, 81, 132, 147, 149, 100, 15, 13, 21, 67, 88, 158, 97, 71, 12, 2, 105, 44, 122, 19, 65, 51, 79, 29, 27, 127, 23, 45, 1, 138, 57, 78, 151, 73, 82, 95, 39, 90, 85, 24, 64, 125, 119, 94, 101, 49, 62, 25, 89, 114, 152, 77, 104, 102, 118, 93, 106, 124, 31, 99, 123, 34, 58, 163, 22, 83, 143, 140, 108, 63, 142, 70, 103, 150, 112, 72, 55, 37, 32, 135, 144, 60, 35, 120, 146, 41, 131, 109, 141, 162, 126, 38, 136, 9, 137, 165, 5, 134, 14, 46, 17, 98, 84, 121, 75, 110, 0, 160, 156, 33, 74, 28, 50, 20, 87]
Dataset                        CAL500
Number of labels (L)           166
Type                           ML-CV
Threshold                      0.5
Verbosity                      3


== Predictive Performance

Number of test instances (N)   
Accuracy                       0.258
Jaccard index                  0.258
Hamming score                  0.83 
Exact match                    0    
Jaccard distance               0.742
Hamming loss                   0.17 
ZeroOne loss                   1    
Harmonic score                 0.52 
One error                      0.124
Rank loss                      0.355
Avg precision                  0.278
Log Loss (lim. L)              0.868
Log Loss (lim. D)              0.825
F1 (micro averaged)            0.406
F1 (macro averaged by example) 0.402
F1 (macro averaged by label)   0.143
AUPRC (macro averaged)         0.164
AUROC (macro averaged)         0.504
Curve Data                     
Macro Curve Data               
Micro Curve Data               
Label indices                  [     0     1     2     3     4     5     6     7     8     9    10    11    12    13    14    15    16    17    18    19    20    21    22    23    24    25    26    27    28    29    30    31    32    33    34    35    36    37    38    39    40    41    42    43    44    45    46    47    48    49    50    51    52    53    54    55    56    57    58    59    60    61    62    63    64    65    66    67    68    69    70    71    72    73    74    75    76    77    78    79    80    81    82    83    84    85    86    87    88    89    90    91    92    93    94    95    96    97    98    99   100   101   102   103   104   105   106   107   108   109   110   111   112   113   114   115   116   117   118   119   120   121   122   123   124   125   126   127   128   129   130   131   132   133   134   135   136   137   138   139   140   141   142   143   144   145   146   147   148   149   150   151   152   153   154   155   156   157   158   159   160   161   162   163   164   165 ]
Accuracy (per label)           [ 0.992 0.876 0.814 0.566 0.605 0.465 0.891 0.713 0.705 0.837 0.597 0.457 0.930 0.907 0.566 0.760 0.651 0.426 0.791 0.798 0.628 0.519 0.674 0.535 0.992 0.636 0.752 0.705 0.659 0.767 0.628 0.519 0.814 0.535 0.760 0.791 0.977 0.984 0.984 0.791 0.984 0.915 0.953 0.977 0.977 0.969 0.961 0.992 0.984 0.961 0.837 0.806 0.891 0.977 0.984 0.876 0.837 0.992 0.806 0.992 0.868 0.814 0.845 0.829 0.953 0.806 0.984 0.605 0.659 0.961 0.535 0.713 0.961 0.705 0.969 0.992 0.938 0.620 0.984 0.581 0.992 0.907 0.891 0.891 0.977 0.992 0.922 0.953 0.543 0.798 0.930 0.512 0.860 0.512 0.853 0.605 0.674 0.473 0.496 0.876 0.504 0.798 0.558 0.969 0.698 0.705 0.814 0.984 0.721 0.519 0.814 0.736 0.938 0.915 0.465 0.938 0.876 0.938 0.628 0.992 0.984 0.744 0.946 0.961 0.907 0.876 0.969 0.845 0.961 0.992 0.977 0.938 0.953 0.977 0.527 0.961 0.992 0.876 0.891 0.992 0.984 0.860 0.744 0.860 0.884 0.992 0.853 0.953 0.946 0.946 0.984 0.992 0.961 0.953 0.907 0.984 0.969 0.984 0.984 0.977 0.961 0.984 0.922 0.899 0.969 0.930 ]
Empty labelvectors (predicted) 0    
Label cardinality (predicted)  21.442
Levenshtein distance           0.137


== Additional Measurements (averaged across folds)

Number of training instances   129
Number of test instances       129
Label cardinality (train set)  26.015
Label cardinality (test set)   25.999
Build Time                     0.66 
Test Time                      0.059
Total Time                     0.719


Averaging: 0.3628128875384979