== Evaluation Info

Classifier                     Prepare_CC.Base_CC
Options                        [-S, 0, -W, weka.classifiers.trees.J48, --, -C, 0.25, -M, 2]
Additional Info                [90, 134, 9, 65, 125, 16, 75, 145, 60, 133, 108, 140, 99, 114, 100, 170, 30, 105, 4, 123, 101, 95, 144, 91, 147, 94, 141, 50, 116, 71, 136, 112, 32, 150, 157, 115, 81, 35, 151, 159, 163, 17, 97, 143, 107, 152, 93, 148, 130, 111, 5, 98, 120, 124, 103, 40, 67, 61, 149, 113, 7, 26, 138, 117, 33, 167, 1, 119, 110, 0, 29, 64, 63, 2, 37, 121, 104, 127, 57, 41, 131, 96, 49, 36, 73, 42, 72, 6, 46, 25, 155, 66, 70, 59, 21, 52, 31, 82, 79, 27, 106, 171, 102, 14, 166, 77, 118, 84, 92, 69, 164, 51, 126, 122, 128, 135, 11, 12, 23, 3, 19, 28, 74, 109, 86, 15, 13, 142, 68, 8, 10, 18, 20, 22, 24, 34, 38, 39, 43, 44, 45, 47, 48, 53, 54, 55, 56, 58, 62, 76, 78, 80, 83, 85, 87, 88, 89, 129, 132, 137, 139, 146, 153, 154, 156, 158, 160, 161, 162, 165, 168, 169, 172, 173]
Dataset                        CAL500
Number of labels (L)           174
Type                           ML-CV
Threshold                      0.5
Verbosity                      3


== Predictive Performance

Number of test instances (N)   
Accuracy                       0.37 
Jaccard index                  0.37 
Hamming score                  0.846
Exact match                    0    
Jaccard distance               0.63 
Hamming loss                   0.154
ZeroOne loss                   1    
Harmonic score                 0.651
One error                      0.519
Rank loss                      0.3  
Avg precision                  0.385
Log Loss (lim. L)              0.794
Log Loss (lim. D)              0.608
F1 (micro averaged)            0.533
F1 (macro averaged by example) 0.531
F1 (macro averaged by label)   0.154
AUPRC (macro averaged)         NaN
AUROC (macro averaged)         NaN
Curve Data                     
Macro Curve Data               
Micro Curve Data               
Label indices                  [     0     1     2     3     4     5     6     7     8     9    10    11    12    13    14    15    16    17    18    19    20    21    22    23    24    25    26    27    28    29    30    31    32    33    34    35    36    37    38    39    40    41    42    43    44    45    46    47    48    49    50    51    52    53    54    55    56    57    58    59    60    61    62    63    64    65    66    67    68    69    70    71    72    73    74    75    76    77    78    79    80    81    82    83    84    85    86    87    88    89    90    91    92    93    94    95    96    97    98    99   100   101   102   103   104   105   106   107   108   109   110   111   112   113   114   115   116   117   118   119   120   121   122   123   124   125   126   127   128   129   130   131   132   133   134   135   136   137   138   139   140   141   142   143   144   145   146   147   148   149   150   151   152   153   154   155   156   157   158   159   160   161   162   163   164   165   166   167   168   169   170   171   172   173 ]
Accuracy (per label)           [ 0.462 0.712 0.538 0.865 0.750 0.692 0.942 0.750 1.000 0.750 1.000 0.788 0.615 0.788 0.558 0.827 0.981 0.577 1.000 0.692 1.000 0.808 1.000 0.885 1.000 0.481 0.981 0.692 0.615 0.981 0.769 0.596 0.981 0.846 1.000 0.846 0.404 0.904 1.000 1.000 0.885 0.981 0.981 1.000 1.000 1.000 0.942 1.000 1.000 0.558 0.808 0.962 0.981 1.000 1.000 1.000 1.000 0.962 1.000 0.731 0.904 0.885 1.000 0.981 0.981 0.442 0.981 0.885 0.808 0.904 0.423 0.808 0.519 0.750 0.481 0.904 1.000 0.981 1.000 0.673 1.000 0.904 0.731 1.000 0.731 1.000 0.712 1.000 1.000 1.000 0.981 0.846 0.442 0.808 0.500 0.596 0.731 0.538 0.981 0.519 0.962 0.827 0.596 0.942 0.577 0.423 0.962 0.885 0.519 0.731 0.904 0.596 0.750 0.558 0.904 0.615 0.962 0.538 0.827 0.904 0.904 0.596 0.865 0.923 0.981 0.923 0.962 0.981 0.981 1.000 0.923 0.981 1.000 0.596 0.654 0.962 0.981 1.000 0.712 1.000 0.788 0.981 0.885 0.981 0.885 0.750 1.000 0.731 0.962 0.596 0.981 0.885 0.904 1.000 1.000 0.981 1.000 0.788 1.000 0.885 1.000 1.000 1.000 0.615 0.981 1.000 0.904 0.846 1.000 1.000 0.827 0.981 1.000 1.000 ]
Empty labelvectors (predicted) 0    
Label cardinality (predicted)  27.577
Levenshtein distance           0.134


== Additional Measurements (averaged across folds)

Number of training instances   52
Number of test instances       52
Label cardinality (train set)  29.731
Label cardinality (test set)   29.723
Build Time                     0.262
Test Time                      0.038
Total Time                     0.3  


Averaging: 0.4054784683829447