== Evaluation Info

Classifier                     Prepare_CC.Base_CC
Options                        [-S, 0, -W, weka.classifiers.trees.J48, --, -C, 0.25, -M, 2]
Additional Info                [64, 34, 7, 28, 75, 22, 14, 101, 71, 111, 169, 97, 139, 102, 58, 91, 52, 87, 140, 76, 144, 108, 57, 62, 82, 141, 125, 105, 85, 33, 142, 32, 147, 38, 35, 113, 70, 156, 116, 54, 44, 31, 100, 99, 149, 29, 109, 88, 137, 37, 117, 121, 107, 59, 122, 42, 134, 130, 26, 94, 50, 118, 112, 104, 27, 60, 18, 36, 12, 65, 25, 165, 0, 148, 23, 123, 79, 30, 120, 78, 95, 68, 67, 146, 49, 150, 98, 73, 45, 86, 159, 69, 40, 16, 92, 61, 154, 11, 170, 41, 143, 157, 21, 155, 161, 46, 77, 160, 135, 138, 162, 24, 89, 8, 66, 13, 63, 96, 5, 84, 153, 83, 6, 19, 1, 114, 129, 9, 166, 47, 56, 72, 158, 10, 53, 127, 126, 17, 48, 74, 43, 93, 4, 39, 128, 145, 15, 132, 103, 115, 172, 124, 55, 167, 164, 80, 106, 2, 163, 20, 81, 3, 51, 90, 110, 119, 131, 133, 136, 151, 152, 168, 171, 173]
Dataset                        CAL500
Number of labels (L)           174
Type                           ML-CV
Threshold                      0.5
Verbosity                      3


== Predictive Performance

Number of test instances (N)   
Accuracy                       0.204
Jaccard index                  0.204
Hamming score                  0.825
Exact match                    0    
Jaccard distance               0.796
Hamming loss                   0.175
ZeroOne loss                   1    
Harmonic score                 0.458
One error                      0.352
Rank loss                      0.368
Avg precision                  0.223
Log Loss (lim. L)              0.904
Log Loss (lim. D)              0.79 
F1 (micro averaged)            0.334
F1 (macro averaged by example) 0.331
F1 (macro averaged by label)   0.125
AUPRC (macro averaged)         NaN
AUROC (macro averaged)         NaN
Curve Data                     
Macro Curve Data               
Micro Curve Data               
Label indices                  [     0     1     2     3     4     5     6     7     8     9    10    11    12    13    14    15    16    17    18    19    20    21    22    23    24    25    26    27    28    29    30    31    32    33    34    35    36    37    38    39    40    41    42    43    44    45    46    47    48    49    50    51    52    53    54    55    56    57    58    59    60    61    62    63    64    65    66    67    68    69    70    71    72    73    74    75    76    77    78    79    80    81    82    83    84    85    86    87    88    89    90    91    92    93    94    95    96    97    98    99   100   101   102   103   104   105   106   107   108   109   110   111   112   113   114   115   116   117   118   119   120   121   122   123   124   125   126   127   128   129   130   131   132   133   134   135   136   137   138   139   140   141   142   143   144   145   146   147   148   149   150   151   152   153   154   155   156   157   158   159   160   161   162   163   164   165   166   167   168   169   170   171   172   173 ]
Accuracy (per label)           [ 0.978 0.626 0.659 0.769 0.945 0.505 0.604 0.648 0.648 0.604 0.703 0.538 0.560 0.747 0.824 0.505 0.659 0.736 0.549 0.714 0.681 0.560 0.637 0.615 0.473 0.879 0.571 0.747 0.648 0.725 0.824 0.462 0.604 0.604 0.670 0.637 0.659 0.978 0.989 0.934 0.758 0.978 0.967 0.967 0.989 0.989 0.989 0.989 0.934 0.967 0.978 1.000 0.945 0.824 0.857 0.989 0.989 0.967 0.912 0.835 0.934 0.978 0.901 0.802 0.846 0.714 0.978 0.769 0.846 0.593 0.505 0.890 0.615 0.549 0.615 0.725 0.989 0.967 0.857 0.582 0.978 0.780 0.868 0.923 0.890 0.901 0.714 0.956 0.923 0.923 1.000 0.582 0.736 0.923 0.538 0.670 0.659 0.648 0.736 0.648 0.824 0.516 0.725 0.549 0.890 0.396 0.989 0.802 0.736 0.879 1.000 0.527 0.505 0.560 0.604 0.912 0.890 0.516 0.868 1.000 0.857 0.560 0.978 0.967 0.802 0.934 0.978 0.967 0.967 0.989 0.879 1.000 0.989 1.000 0.901 0.978 1.000 0.967 0.769 0.934 0.989 0.923 0.967 0.978 0.989 0.989 0.967 0.923 0.846 0.912 0.890 1.000 1.000 0.901 0.989 0.989 0.989 0.857 0.989 0.989 0.978 0.934 0.967 0.879 0.989 0.989 0.945 0.868 1.000 0.989 0.901 1.000 0.978 1.000 ]
Empty labelvectors (predicted) 0    
Label cardinality (predicted)  21.308
Levenshtein distance           0.138


== Additional Measurements (averaged across folds)

Number of training instances   91
Number of test instances       91
Label cardinality (train set)  24.451
Label cardinality (test set)   24.449
Build Time                     0.744
Test Time                      0.073
Total Time                     0.817


Averaging: 0.3427695770057711