== Evaluation Info

Classifier                     Prepare_CC.Base_CC
Options                        [-S, 0, -W, weka.classifiers.trees.J48, --, -C, 0.25, -M, 2]
Additional Info                [141, 43, 21, 113, 83, 84, 120, 94, 134, 126, 163, 33, 69, 3, 66, 114, 55, 170, 105, 45, 164, 41, 123, 54, 27, 50, 110, 142, 44, 16, 9, 36, 76, 31, 108, 89, 121, 124, 159, 140, 109, 68, 18, 139, 1, 167, 78, 81, 46, 59, 119, 32, 38, 35, 118, 130, 172, 30, 157, 24, 26, 152, 91, 133, 125, 102, 93, 72, 75, 56, 104, 13, 17, 14, 87, 57, 82, 96, 128, 23, 132, 173, 138, 12, 20, 115, 58, 150, 49, 166, 22, 127, 106, 61, 74, 67, 88, 70, 144, 155, 107, 135, 161, 99, 63, 25, 47, 60, 122, 0, 90, 15, 112, 86, 10, 8, 42, 51, 40, 145, 79, 156, 131, 53, 52, 92, 147, 111, 136, 65, 7, 116, 62, 98, 95, 117, 71, 146, 171, 5, 160, 85, 80, 28, 148, 6, 2, 101, 73, 48, 19, 103, 168, 29, 34, 97, 4, 11, 37, 39, 64, 77, 100, 129, 137, 143, 149, 151, 153, 154, 158, 162, 165, 169]
Dataset                        CAL500
Number of labels (L)           174
Type                           ML-CV
Threshold                      0.5
Verbosity                      3


== Predictive Performance

Number of test instances (N)   
Accuracy                       0.256
Jaccard index                  0.256
Hamming score                  0.824
Exact match                    0    
Jaccard distance               0.744
Hamming loss                   0.176
ZeroOne loss                   1    
Harmonic score                 0.54 
One error                      0.327
Rank loss                      0.355
Avg precision                  0.268
Log Loss (lim. L)              0.908
Log Loss (lim. D)              0.706
F1 (micro averaged)            0.406
F1 (macro averaged by example) 0.403
F1 (macro averaged by label)   0.135
AUPRC (macro averaged)         NaN
AUROC (macro averaged)         NaN
Curve Data                     
Macro Curve Data               
Micro Curve Data               
Label indices                  [     0     1     2     3     4     5     6     7     8     9    10    11    12    13    14    15    16    17    18    19    20    21    22    23    24    25    26    27    28    29    30    31    32    33    34    35    36    37    38    39    40    41    42    43    44    45    46    47    48    49    50    51    52    53    54    55    56    57    58    59    60    61    62    63    64    65    66    67    68    69    70    71    72    73    74    75    76    77    78    79    80    81    82    83    84    85    86    87    88    89    90    91    92    93    94    95    96    97    98    99   100   101   102   103   104   105   106   107   108   109   110   111   112   113   114   115   116   117   118   119   120   121   122   123   124   125   126   127   128   129   130   131   132   133   134   135   136   137   138   139   140   141   142   143   144   145   146   147   148   149   150   151   152   153   154   155   156   157   158   159   160   161   162   163   164   165   166   167   168   169   170   171   172   173 ]
Accuracy (per label)           [ 0.909 0.655 0.509 0.982 1.000 0.545 0.764 0.527 0.600 0.873 0.418 1.000 0.600 0.782 0.564 0.964 0.582 0.982 0.673 0.618 0.527 0.818 0.836 0.418 0.527 0.891 0.527 0.891 0.491 0.945 0.982 0.691 0.836 0.309 0.836 0.436 0.836 1.000 0.836 1.000 0.800 0.982 0.982 0.945 0.982 0.782 0.927 0.964 0.909 0.927 0.800 0.982 0.945 0.982 0.891 0.873 0.982 0.909 0.927 0.927 0.982 0.982 0.782 0.473 1.000 0.709 0.945 0.964 0.964 0.709 0.491 0.909 0.436 0.818 0.927 0.709 0.891 1.000 0.836 0.545 0.982 0.582 0.964 0.782 0.964 0.982 0.691 0.982 0.909 0.782 0.982 0.473 0.982 0.909 0.691 0.418 0.909 0.527 0.873 0.582 1.000 0.309 0.909 0.473 0.982 0.509 0.982 0.473 0.891 0.691 0.982 0.582 0.582 0.600 0.564 0.964 0.545 0.764 0.800 0.891 0.745 0.473 0.927 0.691 0.873 0.764 0.800 0.964 0.927 1.000 0.855 0.982 0.982 0.891 0.945 0.982 0.836 1.000 0.836 0.964 0.982 0.818 0.873 1.000 0.982 0.982 0.964 0.655 0.800 1.000 0.927 1.000 0.891 1.000 1.000 0.982 0.982 0.982 1.000 0.982 0.891 0.855 1.000 0.982 0.909 1.000 0.909 0.945 0.873 1.000 0.909 0.891 0.891 0.945 ]
Empty labelvectors (predicted) 0    
Label cardinality (predicted)  24.782
Levenshtein distance           0.148


== Additional Measurements (averaged across folds)

Number of training instances   55
Number of test instances       55
Label cardinality (train set)  26.764
Label cardinality (test set)   26.777
Build Time                     0.346
Test Time                      0.044
Total Time                     0.391


Averaging: 0.36001799617684394