== Evaluation Info

Classifier                     Prepare_CC.Base_CC
Options                        [-S, 0, -W, weka.classifiers.trees.J48, --, -C, 0.25, -M, 2]
Additional Info                [2, 96, 45, 82, 12, 155, 167, 68, 5, 54, 124, 117, 64, 62, 163, 4, 99, 97, 120, 111, 144, 87, 164, 15, 73, 46, 20, 90, 165, 91, 104, 133, 23, 92, 148, 78, 3, 74, 134, 105, 114, 34, 94, 159, 141, 58, 139, 10, 88, 57, 21, 113, 103, 127, 18, 86, 42, 156, 106, 130, 84, 67, 27, 51, 122, 95, 116, 162, 93, 17, 83, 26, 166, 47, 29, 76, 63, 102, 70, 89, 169, 123, 13, 118, 33, 75, 138, 80, 121, 98, 172, 59, 41, 31, 14, 9, 6, 16, 140, 61, 60, 173, 131, 137, 19, 24, 40, 79, 39, 153, 161, 50, 149, 101, 125, 71, 145, 66, 110, 154, 28, 49, 36, 135, 158, 1, 0, 22, 53, 81, 128, 147, 69, 107, 108, 7, 115, 72, 157, 151, 55, 65, 126, 109, 152, 77, 150, 32, 30, 170, 85, 112, 11, 8, 25, 119, 146, 35, 136, 142, 38, 37, 43, 44, 48, 52, 56, 100, 129, 132, 143, 160, 168, 171]
Dataset                        CAL500
Number of labels (L)           174
Type                           ML-CV
Threshold                      0.5
Verbosity                      3


== Predictive Performance

Number of test instances (N)   
Accuracy                       0.279
Jaccard index                  0.279
Hamming score                  0.838
Exact match                    0    
Jaccard distance               0.721
Hamming loss                   0.162
ZeroOne loss                   1    
Harmonic score                 0.56 
One error                      0.523
Rank loss                      0.327
Avg precision                  0.289
Log Loss (lim. L)              0.836
Log Loss (lim. D)              0.763
F1 (micro averaged)            0.433
F1 (macro averaged by example) 0.427
F1 (macro averaged by label)   0.134
AUPRC (macro averaged)         NaN
AUROC (macro averaged)         NaN
Curve Data                     
Macro Curve Data               
Micro Curve Data               
Label indices                  [     0     1     2     3     4     5     6     7     8     9    10    11    12    13    14    15    16    17    18    19    20    21    22    23    24    25    26    27    28    29    30    31    32    33    34    35    36    37    38    39    40    41    42    43    44    45    46    47    48    49    50    51    52    53    54    55    56    57    58    59    60    61    62    63    64    65    66    67    68    69    70    71    72    73    74    75    76    77    78    79    80    81    82    83    84    85    86    87    88    89    90    91    92    93    94    95    96    97    98    99   100   101   102   103   104   105   106   107   108   109   110   111   112   113   114   115   116   117   118   119   120   121   122   123   124   125   126   127   128   129   130   131   132   133   134   135   136   137   138   139   140   141   142   143   144   145   146   147   148   149   150   151   152   153   154   155   156   157   158   159   160   161   162   163   164   165   166   167   168   169   170   171   172   173 ]
Accuracy (per label)           [ 0.919 0.468 0.550 0.964 0.946 0.559 0.928 0.450 0.613 0.775 0.532 0.667 0.541 0.847 0.631 0.937 0.459 0.838 0.937 0.622 0.613 0.622 0.901 0.523 0.613 0.829 0.577 0.766 0.486 0.946 0.982 0.559 0.955 0.568 0.928 0.423 0.703 1.000 0.991 0.973 0.459 0.991 0.991 1.000 1.000 0.937 0.991 0.928 1.000 0.910 0.937 0.982 1.000 0.946 0.892 0.991 1.000 0.928 0.973 0.928 0.955 0.964 0.982 0.775 0.883 0.468 0.964 0.901 0.991 0.595 0.486 0.946 0.649 0.595 0.649 0.820 0.973 0.982 0.991 0.793 0.991 0.910 0.973 0.973 0.955 0.982 0.667 0.982 0.991 0.946 0.991 0.477 0.865 0.775 0.577 0.477 0.919 0.568 0.928 0.631 1.000 0.559 0.901 0.532 0.811 0.450 0.937 0.721 0.865 0.883 0.991 0.486 0.766 0.532 0.622 0.883 0.703 0.495 0.811 0.982 0.847 0.523 0.937 0.865 0.991 0.856 0.982 0.991 0.982 1.000 0.973 0.946 1.000 0.892 0.883 0.946 0.982 0.991 0.883 0.955 0.991 0.865 0.937 1.000 0.964 0.973 0.982 0.694 0.811 0.829 0.622 0.964 0.982 0.964 0.982 0.973 0.991 0.964 0.973 0.964 1.000 0.892 0.982 0.856 0.964 0.991 0.928 0.721 1.000 0.991 0.874 1.000 0.991 0.982 ]
Empty labelvectors (predicted) 0    
Label cardinality (predicted)  23.658
Levenshtein distance           0.135


== Additional Measurements (averaged across folds)

Number of training instances   111
Number of test instances       111
Label cardinality (train set)  26.09
Label cardinality (test set)   26.077
Build Time                     1.015
Test Time                      0.085
Total Time                     1.101


Averaging: 0.3722816187170695