== Evaluation Info

Classifier                     Prepare_CC.Base_CC
Options                        [-S, 0, -W, weka.classifiers.trees.J48, --, -C, 0.25, -M, 2]
Additional Info                [106, 94, 29, 114, 169, 22, 91, 26, 125, 135, 10, 154, 115, 119, 163, 161, 89, 15, 139, 18, 170, 52, 172, 112, 171, 83, 73, 141, 120, 136, 110, 46, 158, 40, 147, 50, 43, 77, 101, 44, 103, 45, 66, 87, 148, 53, 105, 138, 121, 157, 78, 24, 90, 160, 162, 149, 28, 5, 131, 132, 33, 31, 98, 59, 173, 9, 134, 129, 95, 117, 65, 75, 8, 82, 20, 51, 37, 124, 80, 102, 108, 2, 86, 118, 165, 69, 56, 60, 1, 72, 12, 39, 4, 100, 32, 68, 113, 21, 35, 67, 79, 128, 62, 7, 63, 127, 167, 71, 85, 97, 150, 3, 25, 155, 30, 36, 164, 47, 137, 96, 109, 153, 6, 156, 17, 34, 104, 54, 146, 116, 11, 92, 81, 27, 19, 166, 64, 126, 58, 74, 13, 168, 152, 107, 76, 70, 93, 142, 130, 16, 23, 57, 99, 111, 42, 0, 14, 38, 41, 48, 49, 55, 61, 84, 88, 122, 123, 133, 140, 143, 144, 145, 151, 159]
Dataset                        CAL500
Number of labels (L)           174
Type                           ML-CV
Threshold                      0.5
Verbosity                      3


== Predictive Performance

Number of test instances (N)   
Accuracy                       0.283
Jaccard index                  0.283
Hamming score                  0.844
Exact match                    0    
Jaccard distance               0.717
Hamming loss                   0.156
ZeroOne loss                   1    
Harmonic score                 0.558
One error                      0.129
Rank loss                      0.319
Avg precision                  0.292
Log Loss (lim. L)              0.804
Log Loss (lim. D)              0.719
F1 (micro averaged)            0.439
F1 (macro averaged by example) 0.434
F1 (macro averaged by label)   0.13 
AUPRC (macro averaged)         NaN
AUROC (macro averaged)         NaN
Curve Data                     
Macro Curve Data               
Micro Curve Data               
Label indices                  [     0     1     2     3     4     5     6     7     8     9    10    11    12    13    14    15    16    17    18    19    20    21    22    23    24    25    26    27    28    29    30    31    32    33    34    35    36    37    38    39    40    41    42    43    44    45    46    47    48    49    50    51    52    53    54    55    56    57    58    59    60    61    62    63    64    65    66    67    68    69    70    71    72    73    74    75    76    77    78    79    80    81    82    83    84    85    86    87    88    89    90    91    92    93    94    95    96    97    98    99   100   101   102   103   104   105   106   107   108   109   110   111   112   113   114   115   116   117   118   119   120   121   122   123   124   125   126   127   128   129   130   131   132   133   134   135   136   137   138   139   140   141   142   143   144   145   146   147   148   149   150   151   152   153   154   155   156   157   158   159   160   161   162   163   164   165   166   167   168   169   170   171   172   173 ]
Accuracy (per label)           [ 1.000 0.822 0.970 0.545 0.990 0.604 0.525 0.980 0.832 0.614 0.960 0.495 0.574 0.950 1.000 0.495 0.832 0.446 0.594 0.941 0.871 0.485 0.574 0.713 0.535 0.990 0.673 0.663 0.733 0.693 0.584 0.683 0.564 0.881 0.545 0.733 0.802 0.970 1.000 0.980 0.772 1.000 0.901 0.931 0.960 0.980 0.990 0.970 1.000 1.000 0.990 0.970 0.792 0.683 0.881 1.000 0.990 0.911 0.822 0.980 0.832 1.000 0.871 0.782 0.832 0.802 0.970 0.713 0.980 0.554 0.673 0.980 0.446 0.693 0.980 0.673 0.980 0.990 0.950 0.644 0.990 0.574 0.990 0.960 1.000 0.822 0.871 0.980 1.000 0.990 0.950 0.604 0.713 0.970 0.545 0.990 0.584 0.941 0.495 0.901 0.426 0.485 0.812 0.703 0.653 0.535 0.980 0.673 0.703 0.851 0.990 0.812 0.446 0.792 0.792 0.881 0.980 0.515 0.980 0.921 0.950 0.663 1.000 1.000 0.673 0.950 0.970 0.871 0.891 0.950 0.931 0.990 0.970 1.000 0.960 0.941 0.960 0.980 0.584 0.950 1.000 0.911 0.931 1.000 1.000 1.000 0.990 0.881 0.683 0.871 0.891 1.000 0.990 0.792 0.980 0.970 0.950 0.990 0.960 1.000 0.970 0.941 0.891 0.990 0.980 0.970 0.980 0.980 0.970 0.980 0.881 0.891 0.980 0.990 ]
Empty labelvectors (predicted) 0    
Label cardinality (predicted)  22.267
Levenshtein distance           0.132


== Additional Measurements (averaged across folds)

Number of training instances   101
Number of test instances       101
Label cardinality (train set)  26.049
Label cardinality (test set)   26.045
Build Time                     0.881
Test Time                      0.081
Total Time                     0.962


Averaging: 0.37559070764219643