== Evaluation Info

Classifier                     Prepare_CC.Base_CC
Options                        [-S, 0, -W, weka.classifiers.trees.J48, --, -C, 0.25, -M, 2]
Additional Info                [95, 59, 6, 80, 73, 91, 68, 86, 84, 41, 62, 147, 98, 172, 37, 165, 156, 100, 167, 134, 48, 28, 122, 26, 21, 10, 116, 63, 102, 87, 146, 170, 104, 60, 30, 89, 53, 79, 27, 5, 9, 140, 113, 74, 70, 138, 69, 155, 58, 15, 75, 88, 57, 141, 118, 36, 93, 162, 142, 153, 163, 135, 97, 8, 120, 47, 114, 111, 130, 46, 161, 44, 139, 157, 18, 35, 20, 67, 81, 31, 55, 99, 103, 52, 94, 32, 22, 19, 50, 169, 164, 40, 150, 29, 72, 77, 11, 92, 38, 158, 33, 23, 145, 107, 125, 154, 17, 137, 71, 7, 25, 83, 132, 12, 109, 121, 117, 101, 14, 1, 148, 43, 85, 39, 166, 106, 82, 149, 13, 24, 127, 2, 42, 3, 54, 128, 16, 124, 66, 64, 126, 108, 105, 96, 123, 65, 112, 0, 78, 4, 115, 129, 34, 45, 49, 51, 56, 61, 76, 90, 110, 119, 131, 133, 136, 143, 144, 151, 152, 159, 160, 168, 171, 173]
Dataset                        CAL500
Number of labels (L)           174
Type                           ML-CV
Threshold                      0.5
Verbosity                      3


== Predictive Performance

Number of test instances (N)   
Accuracy                       0.232
Jaccard index                  0.232
Hamming score                  0.838
Exact match                    0    
Jaccard distance               0.768
Hamming loss                   0.162
ZeroOne loss                   1    
Harmonic score                 0.493
One error                      0.371
Rank loss                      0.343
Avg precision                  0.247
Log Loss (lim. L)              0.838
Log Loss (lim. D)              0.69 
F1 (micro averaged)            0.372
F1 (macro averaged by example) 0.37 
F1 (macro averaged by label)   0.127
AUPRC (macro averaged)         NaN
AUROC (macro averaged)         NaN
Curve Data                     
Macro Curve Data               
Micro Curve Data               
Label indices                  [     0     1     2     3     4     5     6     7     8     9    10    11    12    13    14    15    16    17    18    19    20    21    22    23    24    25    26    27    28    29    30    31    32    33    34    35    36    37    38    39    40    41    42    43    44    45    46    47    48    49    50    51    52    53    54    55    56    57    58    59    60    61    62    63    64    65    66    67    68    69    70    71    72    73    74    75    76    77    78    79    80    81    82    83    84    85    86    87    88    89    90    91    92    93    94    95    96    97    98    99   100   101   102   103   104   105   106   107   108   109   110   111   112   113   114   115   116   117   118   119   120   121   122   123   124   125   126   127   128   129   130   131   132   133   134   135   136   137   138   139   140   141   142   143   144   145   146   147   148   149   150   151   152   153   154   155   156   157   158   159   160   161   162   163   164   165   166   167   168   169   170   171   172   173 ]
Accuracy (per label)           [ 0.971 0.514 0.700 0.829 0.943 0.514 0.543 0.714 0.514 0.800 0.486 0.800 0.529 0.857 0.800 0.529 0.614 0.800 0.700 0.729 0.529 0.743 0.671 0.714 0.471 0.886 0.400 0.914 0.700 0.814 0.871 0.500 0.643 0.714 0.729 0.700 0.671 0.971 0.986 0.914 0.700 0.971 0.971 0.971 0.986 1.000 0.986 0.986 0.914 1.000 0.971 1.000 0.929 0.671 0.871 0.986 1.000 0.971 0.929 0.900 0.943 1.000 0.957 0.743 0.814 0.714 0.971 0.743 0.914 0.500 0.614 0.929 0.771 0.443 0.829 0.686 1.000 0.957 0.800 0.571 0.929 0.671 0.929 0.900 0.986 0.886 0.814 0.900 0.914 0.914 1.000 0.686 0.757 0.829 0.514 0.786 0.743 0.843 0.643 0.571 0.843 0.657 0.771 0.471 0.943 0.500 0.986 0.786 0.757 0.929 1.000 0.571 0.586 0.729 0.643 0.957 0.886 0.471 0.914 1.000 0.886 0.614 0.986 0.971 0.843 0.957 0.971 0.929 0.971 0.986 0.857 1.000 0.986 1.000 0.900 0.971 1.000 0.986 0.714 0.971 0.986 0.943 0.957 1.000 1.000 0.986 0.971 0.843 0.857 0.886 0.814 1.000 1.000 0.829 0.986 0.986 0.986 0.929 0.986 1.000 1.000 0.943 0.971 0.929 0.986 0.986 0.971 0.943 1.000 0.986 0.929 1.000 0.986 1.000 ]
Empty labelvectors (predicted) 0    
Label cardinality (predicted)  20.643
Levenshtein distance           0.134


== Additional Measurements (averaged across folds)

Number of training instances   70
Number of test instances       70
Label cardinality (train set)  24.343
Label cardinality (test set)   24.343
Build Time                     0.215
Test Time                      0.039
Total Time                     0.255


Averaging: 0.3564754349625212