== Evaluation Info

Classifier                     Prepare_CC.Base_CC
Options                        [-S, 0, -W, weka.classifiers.trees.J48, --, -C, 0.25, -M, 2]
Additional Info                [96, 6, 128, 148, 172, 3, 81, 135, 17, 115, 1, 36, 79, 13, 101, 156, 167, 134, 162, 19, 106, 20, 102, 100, 147, 113, 132, 166, 41, 73, 87, 173, 83, 66, 86, 78, 161, 92, 164, 121, 60, 34, 72, 65, 125, 26, 146, 9, 32, 27, 97, 67, 120, 118, 171, 89, 141, 14, 4, 104, 105, 70, 43, 64, 40, 2, 7, 47, 16, 137, 77, 160, 46, 18, 82, 163, 126, 24, 127, 68, 21, 39, 51, 111, 25, 33, 170, 153, 94, 58, 59, 112, 53, 56, 80, 116, 63, 109, 28, 168, 52, 12, 44, 74, 138, 103, 23, 22, 154, 62, 98, 130, 155, 35, 158, 15, 99, 124, 142, 31, 119, 150, 8, 149, 29, 117, 5, 110, 10, 54, 57, 157, 139, 165, 114, 90, 69, 42, 129, 95, 30, 169, 131, 107, 85, 108, 76, 45, 91, 75, 37, 11, 0, 38, 48, 49, 50, 55, 61, 71, 84, 88, 93, 122, 123, 133, 136, 140, 143, 144, 145, 151, 152, 159]
Dataset                        CAL500
Number of labels (L)           174
Type                           ML-CV
Threshold                      0.5
Verbosity                      3


== Predictive Performance

Number of test instances (N)   
Accuracy                       0.294
Jaccard index                  0.294
Hamming score                  0.849
Exact match                    0    
Jaccard distance               0.706
Hamming loss                   0.151
ZeroOne loss                   1    
Harmonic score                 0.574
One error                      0.135
Rank loss                      0.31 
Avg precision                  0.3  
Log Loss (lim. L)              0.779
Log Loss (lim. D)              0.678
F1 (micro averaged)            0.45 
F1 (macro averaged by example) 0.447
F1 (macro averaged by label)   0.127
AUPRC (macro averaged)         NaN
AUROC (macro averaged)         NaN
Curve Data                     
Macro Curve Data               
Micro Curve Data               
Label indices                  [     0     1     2     3     4     5     6     7     8     9    10    11    12    13    14    15    16    17    18    19    20    21    22    23    24    25    26    27    28    29    30    31    32    33    34    35    36    37    38    39    40    41    42    43    44    45    46    47    48    49    50    51    52    53    54    55    56    57    58    59    60    61    62    63    64    65    66    67    68    69    70    71    72    73    74    75    76    77    78    79    80    81    82    83    84    85    86    87    88    89    90    91    92    93    94    95    96    97    98    99   100   101   102   103   104   105   106   107   108   109   110   111   112   113   114   115   116   117   118   119   120   121   122   123   124   125   126   127   128   129   130   131   132   133   134   135   136   137   138   139   140   141   142   143   144   145   146   147   148   149   150   151   152   153   154   155   156   157   158   159   160   161   162   163   164   165   166   167   168   169   170   171   172   173 ]
Accuracy (per label)           [ 1.000 0.820 0.944 0.506 0.989 0.618 0.539 0.989 0.764 0.674 0.978 0.596 0.494 0.888 0.989 0.685 0.753 0.674 0.449 0.888 0.854 0.483 0.685 0.674 0.517 0.989 0.708 0.697 0.787 0.629 0.708 0.730 0.674 0.910 0.573 0.730 0.685 0.966 1.000 0.978 0.764 0.989 0.955 0.955 0.966 0.978 0.978 0.978 1.000 1.000 1.000 0.978 0.798 0.764 0.944 1.000 0.989 0.854 0.730 0.966 0.798 1.000 0.888 0.787 0.910 0.742 0.955 0.674 0.989 0.685 0.607 1.000 0.539 0.584 0.966 0.640 0.978 0.989 0.933 0.629 0.989 0.551 0.989 0.933 1.000 0.865 0.933 0.955 1.000 0.989 0.944 0.663 0.697 1.000 0.494 0.989 0.551 0.899 0.506 0.899 0.551 0.528 0.809 0.674 0.730 0.528 0.978 0.742 0.663 0.809 0.989 0.775 0.517 0.831 0.843 0.933 0.966 0.562 0.966 0.966 0.955 0.742 1.000 1.000 0.708 0.899 0.966 0.910 0.910 0.955 0.865 0.989 0.966 1.000 0.989 0.944 1.000 0.978 0.427 0.966 1.000 0.966 0.921 1.000 1.000 1.000 0.989 0.899 0.798 0.764 0.899 1.000 1.000 0.831 0.989 0.933 0.865 0.989 0.955 1.000 0.989 0.955 0.944 0.989 0.966 0.978 0.989 0.966 0.978 0.978 0.899 0.865 0.978 0.989 ]
Empty labelvectors (predicted) 0    
Label cardinality (predicted)  22.258
Levenshtein distance           0.13 


== Additional Measurements (averaged across folds)

Number of training instances   89
Number of test instances       89
Label cardinality (train set)  25.528
Label cardinality (test set)   25.493
Build Time                     0.305
Test Time                      0.048
Total Time                     0.353


Averaging: 0.38087237197139084