== Evaluation Info

Classifier                     Prepare_CC.Base_CC
Options                        [-S, 0, -W, weka.classifiers.trees.J48, --, -C, 0.25, -M, 2]
Additional Info                [97, 133, 21, 148, 102, 9, 38, 73, 120, 153, 6, 17, 167, 31, 157, 29, 63, 1, 166, 81, 164, 57, 169, 45, 60, 46, 105, 5, 49, 55, 115, 72, 71, 23, 88, 141, 58, 125, 101, 91, 134, 64, 18, 98, 93, 28, 78, 136, 103, 62, 13, 10, 59, 40, 95, 80, 69, 162, 39, 107, 117, 94, 92, 20, 96, 8, 135, 138, 122, 159, 147, 32, 108, 116, 36, 65, 83, 145, 109, 130, 50, 156, 99, 24, 106, 144, 70, 151, 51, 149, 121, 4, 119, 110, 22, 16, 146, 14, 54, 75, 85, 111, 113, 163, 165, 139, 53, 150, 140, 74, 7, 161, 35, 67, 114, 11, 76, 84, 142, 30, 15, 12, 123, 89, 2, 104, 19, 47, 56, 173, 118, 0, 158, 152, 170, 27, 66, 33, 87, 77, 127, 128, 86, 131, 79, 61, 25, 112, 26, 3, 34, 37, 41, 42, 43, 44, 48, 52, 68, 82, 90, 100, 124, 126, 129, 132, 137, 143, 154, 155, 160, 168, 171, 172]
Dataset                        CAL500
Number of labels (L)           174
Type                           ML-CV
Threshold                      0.5
Verbosity                      3


== Predictive Performance

Number of test instances (N)   
Accuracy                       0.292
Jaccard index                  0.292
Hamming score                  0.836
Exact match                    0    
Jaccard distance               0.708
Hamming loss                   0.164
ZeroOne loss                   1    
Harmonic score                 0.579
One error                      0.526
Rank loss                      0.318
Avg precision                  0.301
Log Loss (lim. L)              0.844
Log Loss (lim. D)              0.745
F1 (micro averaged)            0.45 
F1 (macro averaged by example) 0.443
F1 (macro averaged by label)   0.134
AUPRC (macro averaged)         NaN
AUROC (macro averaged)         NaN
Curve Data                     
Macro Curve Data               
Micro Curve Data               
Label indices                  [     0     1     2     3     4     5     6     7     8     9    10    11    12    13    14    15    16    17    18    19    20    21    22    23    24    25    26    27    28    29    30    31    32    33    34    35    36    37    38    39    40    41    42    43    44    45    46    47    48    49    50    51    52    53    54    55    56    57    58    59    60    61    62    63    64    65    66    67    68    69    70    71    72    73    74    75    76    77    78    79    80    81    82    83    84    85    86    87    88    89    90    91    92    93    94    95    96    97    98    99   100   101   102   103   104   105   106   107   108   109   110   111   112   113   114   115   116   117   118   119   120   121   122   123   124   125   126   127   128   129   130   131   132   133   134   135   136   137   138   139   140   141   142   143   144   145   146   147   148   149   150   151   152   153   154   155   156   157   158   159   160   161   162   163   164   165   166   167   168   169   170   171   172   173 ]
Accuracy (per label)           [ 0.800 0.463 0.516 1.000 0.968 0.579 0.926 0.600 0.537 0.663 0.537 0.663 0.674 0.747 0.484 0.979 0.389 0.800 0.926 0.453 0.589 0.589 0.958 0.505 0.611 0.768 0.547 0.726 0.484 0.916 0.989 0.537 0.979 0.663 1.000 0.568 0.716 1.000 0.989 0.947 0.453 1.000 1.000 1.000 1.000 0.958 0.979 0.958 1.000 0.874 0.863 0.968 1.000 0.895 0.979 0.989 0.989 0.958 0.937 0.958 0.958 0.958 0.989 0.716 0.968 0.558 0.947 0.926 1.000 0.474 0.579 0.947 0.579 0.474 0.684 0.800 0.979 0.979 0.989 0.800 0.989 0.853 1.000 0.989 0.968 0.989 0.789 0.979 0.989 0.958 1.000 0.537 0.937 0.832 0.653 0.516 0.947 0.611 0.895 0.589 1.000 0.537 0.832 0.589 0.811 0.495 0.947 0.726 0.705 0.842 0.989 0.442 0.811 0.695 0.579 0.863 0.653 0.537 0.842 0.989 0.758 0.484 0.926 0.895 1.000 0.863 1.000 0.989 0.979 1.000 0.989 0.968 1.000 0.800 0.937 0.979 0.979 1.000 0.874 0.989 0.947 0.916 0.916 1.000 0.958 0.947 0.979 0.611 0.800 0.884 0.589 0.958 0.958 0.916 1.000 1.000 0.979 0.979 0.968 0.958 1.000 0.884 0.989 0.874 0.958 0.989 0.895 0.684 1.000 0.989 0.874 1.000 1.000 0.979 ]
Empty labelvectors (predicted) 0    
Label cardinality (predicted)  25.063
Levenshtein distance           0.136


== Additional Measurements (averaged across folds)

Number of training instances   95
Number of test instances       95
Label cardinality (train set)  26.652
Label cardinality (test set)   26.578
Build Time                     0.334
Test Time                      0.048
Total Time                     0.383


Averaging: 0.3762605966197224