== Evaluation Info

Classifier                     Prepare_CC.Base_CC
Options                        [-S, 0, -W, weka.classifiers.trees.J48, --, -C, 0.25, -M, 2]
Additional Info                [15, 109, 83, 84, 56, 116, 102, 125, 8, 144, 33, 104, 122, 146, 7, 138, 4, 98, 46, 81, 118, 128, 149, 73, 86, 161, 153, 6, 24, 74, 14, 63, 78, 3, 108, 134, 115, 36, 76, 51, 160, 62, 127, 61, 139, 121, 70, 82, 30, 164, 135, 34, 35, 21, 45, 75, 159, 95, 9, 93, 131, 25, 96, 163, 142, 91, 23, 106, 105, 31, 1, 151, 5, 18, 170, 13, 113, 49, 133, 141, 103, 68, 100, 167, 112, 17, 59, 119, 64, 58, 79, 2, 117, 41, 29, 10, 166, 12, 94, 114, 22, 107, 157, 19, 53, 150, 124, 120, 172, 57, 50, 65, 130, 66, 140, 32, 111, 126, 67, 123, 99, 147, 69, 20, 92, 0, 143, 97, 16, 43, 72, 90, 80, 28, 11, 137, 101, 71, 148, 88, 42, 27, 40, 37, 89, 26, 38, 39, 44, 47, 48, 52, 54, 55, 60, 77, 85, 87, 110, 129, 132, 136, 145, 152, 154, 155, 156, 158, 162, 165, 168, 169, 171, 173]
Dataset                        CAL500
Number of labels (L)           174
Type                           ML-CV
Threshold                      0.5
Verbosity                      3


== Predictive Performance

Number of test instances (N)   
Accuracy                       0.244
Jaccard index                  0.244
Hamming score                  0.831
Exact match                    0    
Jaccard distance               0.756
Hamming loss                   0.169
ZeroOne loss                   1    
Harmonic score                 0.52 
One error                      0.655
Rank loss                      0.353
Avg precision                  0.255
Log Loss (lim. L)              0.874
Log Loss (lim. D)              0.688
F1 (micro averaged)            0.39 
F1 (macro averaged by example) 0.384
F1 (macro averaged by label)   0.135
AUPRC (macro averaged)         NaN
AUROC (macro averaged)         NaN
Curve Data                     
Macro Curve Data               
Micro Curve Data               
Label indices                  [     0     1     2     3     4     5     6     7     8     9    10    11    12    13    14    15    16    17    18    19    20    21    22    23    24    25    26    27    28    29    30    31    32    33    34    35    36    37    38    39    40    41    42    43    44    45    46    47    48    49    50    51    52    53    54    55    56    57    58    59    60    61    62    63    64    65    66    67    68    69    70    71    72    73    74    75    76    77    78    79    80    81    82    83    84    85    86    87    88    89    90    91    92    93    94    95    96    97    98    99   100   101   102   103   104   105   106   107   108   109   110   111   112   113   114   115   116   117   118   119   120   121   122   123   124   125   126   127   128   129   130   131   132   133   134   135   136   137   138   139   140   141   142   143   144   145   146   147   148   149   150   151   152   153   154   155   156   157   158   159   160   161   162   163   164   165   166   167   168   169   170   171   172   173 ]
Accuracy (per label)           [ 0.897 0.448 0.862 0.552 0.879 0.638 0.603 0.534 0.828 0.586 0.983 0.586 0.741 0.621 0.897 0.483 0.948 0.552 0.793 0.552 0.948 0.500 0.983 0.552 0.707 0.483 1.000 0.448 0.672 0.759 0.672 0.621 0.948 0.500 0.983 0.483 0.534 0.983 1.000 1.000 0.897 0.983 0.948 0.966 1.000 0.966 0.948 1.000 1.000 0.845 0.966 0.983 1.000 0.914 1.000 1.000 0.983 0.931 0.983 0.483 1.000 0.931 0.914 0.862 0.983 0.517 0.983 0.914 0.655 0.759 0.569 0.759 0.603 0.707 0.569 0.862 0.983 1.000 0.983 0.483 0.983 0.845 0.672 0.983 0.621 1.000 0.759 1.000 0.983 0.983 0.931 0.810 0.448 0.862 0.466 0.810 0.603 0.638 0.862 0.638 0.828 0.810 0.672 0.707 0.603 0.586 0.983 0.897 0.586 0.690 1.000 0.431 0.759 0.534 0.948 0.672 0.948 0.483 0.931 0.966 0.879 0.603 0.914 0.879 0.707 0.862 0.845 0.983 0.931 1.000 0.914 0.983 1.000 0.966 0.724 0.862 1.000 0.983 0.810 0.983 0.983 0.948 0.879 0.966 0.983 1.000 0.983 0.948 0.931 0.741 0.914 0.966 1.000 0.983 1.000 1.000 1.000 0.621 1.000 0.983 0.948 0.897 1.000 0.741 0.983 1.000 0.948 0.897 1.000 1.000 0.948 1.000 0.983 1.000 ]
Empty labelvectors (predicted) 0    
Label cardinality (predicted)  23.069
Levenshtein distance           0.14 


== Additional Measurements (averaged across folds)

Number of training instances   58
Number of test instances       58
Label cardinality (train set)  25.242
Label cardinality (test set)   25.267
Build Time                     0.145
Test Time                      0.028
Total Time                     0.173


Averaging: 0.358144806548246