== Evaluation Info

Classifier                     Prepare_CC.Base_CC
Options                        [-S, 0, -W, weka.classifiers.trees.J48, --, -C, 0.25, -M, 2]
Additional Info                [51, 102, 94, 130, 138, 58, 49, 167, 17, 47, 165, 108, 78, 95, 45, 91, 121, 144, 30, 27, 73, 116, 133, 158, 113, 103, 74, 164, 163, 65, 24, 55, 75, 154, 6, 93, 36, 161, 70, 114, 69, 13, 107, 64, 80, 15, 97, 139, 145, 84, 76, 63, 2, 106, 141, 87, 21, 142, 122, 118, 157, 153, 112, 119, 20, 18, 22, 111, 11, 166, 40, 159, 136, 57, 12, 66, 170, 33, 0, 147, 123, 117, 62, 28, 169, 88, 115, 72, 125, 7, 71, 25, 46, 60, 4, 77, 23, 9, 81, 134, 16, 99, 151, 162, 79, 32, 67, 101, 86, 89, 35, 109, 146, 105, 34, 127, 31, 98, 128, 83, 172, 53, 8, 39, 135, 120, 96, 59, 50, 54, 150, 131, 1, 149, 5, 173, 26, 42, 14, 10, 61, 29, 148, 19, 3, 37, 38, 41, 43, 44, 48, 52, 56, 68, 82, 85, 90, 92, 100, 104, 110, 124, 126, 129, 132, 137, 140, 143, 152, 155, 156, 160, 168, 171]
Dataset                        CAL500
Number of labels (L)           174
Type                           ML-CV
Threshold                      0.5
Verbosity                      3


== Predictive Performance

Number of test instances (N)   
Accuracy                       0.355
Jaccard index                  0.355
Hamming score                  0.848
Exact match                    0    
Jaccard distance               0.645
Hamming loss                   0.152
ZeroOne loss                   1    
Harmonic score                 0.648
One error                      0.32 
Rank loss                      0.288
Avg precision                  0.363
Log Loss (lim. L)              0.785
Log Loss (lim. D)              0.657
F1 (micro averaged)            0.522
F1 (macro averaged by example) 0.515
F1 (macro averaged by label)   0.146
AUPRC (macro averaged)         NaN
AUROC (macro averaged)         NaN
Curve Data                     
Macro Curve Data               
Micro Curve Data               
Label indices                  [     0     1     2     3     4     5     6     7     8     9    10    11    12    13    14    15    16    17    18    19    20    21    22    23    24    25    26    27    28    29    30    31    32    33    34    35    36    37    38    39    40    41    42    43    44    45    46    47    48    49    50    51    52    53    54    55    56    57    58    59    60    61    62    63    64    65    66    67    68    69    70    71    72    73    74    75    76    77    78    79    80    81    82    83    84    85    86    87    88    89    90    91    92    93    94    95    96    97    98    99   100   101   102   103   104   105   106   107   108   109   110   111   112   113   114   115   116   117   118   119   120   121   122   123   124   125   126   127   128   129   130   131   132   133   134   135   136   137   138   139   140   141   142   143   144   145   146   147   148   149   150   151   152   153   154   155   156   157   158   159   160   161   162   163   164   165   166   167   168   169   170   171   172   173 ]
Accuracy (per label)           [ 0.973 0.613 0.640 1.000 0.960 0.600 0.907 0.520 0.453 0.893 0.573 0.947 0.587 0.720 0.507 0.973 0.653 0.933 0.960 0.480 0.440 0.800 0.933 0.507 0.560 0.907 0.600 0.973 0.467 0.987 0.987 0.787 0.920 0.547 0.960 0.533 0.733 1.000 1.000 0.880 0.560 1.000 0.987 1.000 1.000 0.893 0.987 0.893 1.000 0.987 0.960 0.987 1.000 0.947 0.933 0.947 1.000 0.960 0.987 0.933 0.987 0.973 0.960 0.773 0.893 0.533 0.947 0.920 1.000 0.467 0.493 0.933 0.653 0.547 0.760 0.813 0.973 0.987 0.853 0.827 0.987 0.827 1.000 0.920 0.933 1.000 0.693 0.960 0.933 0.787 1.000 0.507 1.000 0.813 0.720 0.493 0.987 0.547 0.960 0.747 1.000 0.467 0.987 0.667 1.000 0.467 0.947 0.627 0.933 0.867 1.000 0.533 0.653 0.600 0.533 0.987 0.547 0.560 0.587 0.987 0.720 0.400 0.853 0.827 1.000 0.813 1.000 0.987 0.973 1.000 0.987 0.960 1.000 0.973 0.947 0.933 0.947 1.000 0.880 0.960 1.000 0.840 0.973 1.000 0.973 0.987 0.987 0.613 0.827 0.947 0.587 0.987 1.000 0.973 0.987 1.000 1.000 0.973 0.987 0.973 1.000 0.920 0.987 0.907 0.947 0.987 0.933 0.813 1.000 0.987 0.920 1.000 0.973 0.960 ]
Empty labelvectors (predicted) 0    
Label cardinality (predicted)  27.173
Levenshtein distance           0.131


== Additional Measurements (averaged across folds)

Number of training instances   75
Number of test instances       75
Label cardinality (train set)  28.2
Label cardinality (test set)   28.186
Build Time                     0.225
Test Time                      0.044
Total Time                     0.269


Averaging: 0.40109358957348656