== Evaluation Info

Classifier                     Prepare_CC.Base_CC
Options                        [-S, 0, -W, weka.classifiers.trees.J48, --, -C, 0.25, -M, 2]
Additional Info                [170, 12, 28, 171, 32, 16, 125, 51, 100, 61, 111, 126, 47, 108, 14, 26, 81, 136, 55, 166, 142, 9, 63, 130, 153, 42, 71, 74, 158, 164, 62, 68, 23, 138, 77, 156, 172, 168, 29, 157, 19, 148, 123, 161, 134, 135, 116, 109, 3, 39, 79, 24, 37, 141, 8, 78, 69, 59, 44, 106, 163, 91, 36, 67, 70, 92, 45, 139, 146, 89, 65, 10, 57, 80, 93, 7, 132, 133, 66, 56, 155, 87, 85, 5, 34, 147, 2, 162, 50, 105, 119, 154, 48, 118, 167, 98, 150, 129, 27, 83, 15, 149, 160, 122, 99, 58, 117, 120, 152, 75, 97, 33, 113, 41, 90, 73, 6, 114, 53, 11, 60, 46, 0, 173, 104, 18, 54, 94, 17, 144, 30, 101, 40, 1, 137, 103, 72, 64, 128, 88, 82, 52, 20, 35, 140, 112, 86, 43, 76, 159, 107, 95, 121, 165, 96, 22, 25, 115, 131, 169, 127, 102, 124, 110, 38, 31, 21, 13, 4, 49, 84, 143, 145, 151]
Dataset                        CAL500
Number of labels (L)           174
Type                           ML-CV
Threshold                      0.5
Verbosity                      3


== Predictive Performance

Number of test instances (N)   
Accuracy                       0.248
Jaccard index                  0.248
Hamming score                  0.836
Exact match                    0    
Jaccard distance               0.752
Hamming loss                   0.164
ZeroOne loss                   1    
Harmonic score                 0.504
One error                      0.168
Rank loss                      0.357
Avg precision                  0.266
Log Loss (lim. L)              0.846
Log Loss (lim. D)              0.814
F1 (micro averaged)            0.393
F1 (macro averaged by example) 0.389
F1 (macro averaged by label)   0.134
AUPRC (macro averaged)         NaN
AUROC (macro averaged)         NaN
Curve Data                     
Macro Curve Data               
Micro Curve Data               
Label indices                  [     0     1     2     3     4     5     6     7     8     9    10    11    12    13    14    15    16    17    18    19    20    21    22    23    24    25    26    27    28    29    30    31    32    33    34    35    36    37    38    39    40    41    42    43    44    45    46    47    48    49    50    51    52    53    54    55    56    57    58    59    60    61    62    63    64    65    66    67    68    69    70    71    72    73    74    75    76    77    78    79    80    81    82    83    84    85    86    87    88    89    90    91    92    93    94    95    96    97    98    99   100   101   102   103   104   105   106   107   108   109   110   111   112   113   114   115   116   117   118   119   120   121   122   123   124   125   126   127   128   129   130   131   132   133   134   135   136   137   138   139   140   141   142   143   144   145   146   147   148   149   150   151   152   153   154   155   156   157   158   159   160   161   162   163   164   165   166   167   168   169   170   171   172   173 ]
Accuracy (per label)           [ 0.993 0.797 0.727 0.594 1.000 0.608 0.517 0.874 0.706 0.650 0.790 0.643 0.552 0.930 0.769 0.566 0.664 0.741 0.608 0.811 0.755 0.622 0.608 0.636 0.497 0.979 0.636 0.825 0.643 0.776 0.818 0.594 0.517 0.692 0.573 0.622 0.769 0.986 0.986 0.986 0.825 0.986 0.923 0.937 0.979 0.951 0.972 0.951 0.986 1.000 0.986 0.951 0.888 0.797 0.888 0.979 0.986 0.860 0.825 0.986 0.895 0.986 0.839 0.678 0.860 0.769 0.951 0.825 0.986 0.587 0.650 0.972 0.545 0.643 0.916 0.713 0.972 0.993 0.944 0.601 0.986 0.622 0.993 0.916 1.000 0.923 0.860 0.979 0.993 0.923 0.972 0.601 0.748 0.937 0.524 0.839 0.510 0.846 0.573 0.685 0.587 0.524 0.860 0.559 0.811 0.552 0.972 0.643 0.706 0.846 0.986 0.545 0.441 0.755 0.762 0.944 0.881 0.566 0.874 0.909 0.888 0.678 0.986 0.965 0.804 0.895 0.965 0.930 0.916 0.972 0.853 0.993 0.979 0.986 0.958 0.944 0.951 0.979 0.552 0.972 0.993 0.916 0.916 1.000 0.986 1.000 0.986 0.874 0.783 0.860 0.916 1.000 0.993 0.860 0.965 0.951 0.916 0.993 0.979 0.986 0.951 0.923 0.923 0.965 0.965 0.986 0.958 0.930 0.958 0.986 0.853 0.867 0.986 0.965 ]
Empty labelvectors (predicted) 0    
Label cardinality (predicted)  20.93
Levenshtein distance           0.134


== Additional Measurements (averaged across folds)

Number of training instances   143
Number of test instances       143
Label cardinality (train set)  26.042
Label cardinality (test set)   26.022
Build Time                     0.728
Test Time                      0.069
Total Time                     0.797


Averaging: 0.3613553342507136