== Evaluation Info

Classifier                     Prepare_CC.Base_CC
Options                        [-S, 0, -W, weka.classifiers.trees.J48, --, -C, 0.25, -M, 2]
Additional Info                [13, 155, 157, 31, 105, 82, 5, 119, 30, 143, 126, 69, 10, 86, 24, 127, 102, 2, 98, 151, 117, 110, 15, 91, 22, 114, 150, 171, 107, 63, 124, 128, 95, 106, 33, 96, 97, 149, 141, 35, 136, 46, 29, 23, 28, 19, 73, 164, 25, 87, 38, 64, 103, 47, 166, 27, 36, 121, 70, 120, 6, 17, 144, 130, 94, 57, 1, 109, 21, 113, 72, 84, 146, 159, 100, 135, 161, 145, 40, 170, 137, 75, 0, 41, 79, 12, 14, 4, 61, 90, 50, 93, 101, 131, 42, 163, 20, 51, 142, 134, 26, 99, 77, 115, 122, 92, 123, 147, 3, 108, 140, 148, 67, 11, 49, 71, 158, 37, 68, 125, 59, 74, 116, 16, 138, 111, 60, 65, 139, 9, 167, 66, 112, 118, 81, 152, 104, 133, 7, 8, 18, 32, 34, 39, 43, 44, 45, 48, 52, 53, 54, 55, 56, 58, 62, 76, 78, 80, 83, 85, 88, 89, 129, 132, 153, 154, 156, 160, 162, 165, 168, 169, 172, 173]
Dataset                        CAL500
Number of labels (L)           174
Type                           ML-CV
Threshold                      0.5
Verbosity                      3


== Predictive Performance

Number of test instances (N)   
Accuracy                       0.329
Jaccard index                  0.329
Hamming score                  0.839
Exact match                    0    
Jaccard distance               0.671
Hamming loss                   0.161
ZeroOne loss                   1    
Harmonic score                 0.618
One error                      0.532
Rank loss                      0.314
Avg precision                  0.34 
Log Loss (lim. L)              0.831
Log Loss (lim. D)              0.7  
F1 (micro averaged)            0.491
F1 (macro averaged by example) 0.485
F1 (macro averaged by label)   0.144
AUPRC (macro averaged)         NaN
AUROC (macro averaged)         NaN
Curve Data                     
Macro Curve Data               
Micro Curve Data               
Label indices                  [     0     1     2     3     4     5     6     7     8     9    10    11    12    13    14    15    16    17    18    19    20    21    22    23    24    25    26    27    28    29    30    31    32    33    34    35    36    37    38    39    40    41    42    43    44    45    46    47    48    49    50    51    52    53    54    55    56    57    58    59    60    61    62    63    64    65    66    67    68    69    70    71    72    73    74    75    76    77    78    79    80    81    82    83    84    85    86    87    88    89    90    91    92    93    94    95    96    97    98    99   100   101   102   103   104   105   106   107   108   109   110   111   112   113   114   115   116   117   118   119   120   121   122   123   124   125   126   127   128   129   130   131   132   133   134   135   136   137   138   139   140   141   142   143   144   145   146   147   148   149   150   151   152   153   154   155   156   157   158   159   160   161   162   163   164   165   166   167   168   169   170   171   172   173 ]
Accuracy (per label)           [ 0.558 0.818 0.481 0.883 0.883 0.623 0.987 0.623 1.000 0.558 0.987 0.662 0.649 0.805 0.610 0.870 0.948 0.468 1.000 0.636 0.974 0.701 0.987 0.818 0.987 0.416 0.987 0.494 0.403 0.948 0.779 0.584 1.000 0.714 1.000 0.831 0.506 0.987 0.987 1.000 0.701 0.961 0.987 1.000 1.000 1.000 0.922 0.987 1.000 0.636 0.753 0.974 1.000 1.000 1.000 1.000 1.000 0.961 1.000 0.714 0.987 0.896 1.000 0.948 0.961 0.519 0.987 0.974 0.857 0.649 0.494 0.792 0.571 0.532 0.519 0.818 1.000 0.935 1.000 0.662 1.000 0.974 0.792 1.000 0.779 1.000 0.623 0.987 1.000 1.000 0.987 0.714 0.571 0.909 0.623 0.597 0.857 0.481 0.935 0.597 0.987 0.623 0.597 0.831 0.545 0.506 0.987 0.831 0.506 0.805 0.961 0.714 0.818 0.558 0.805 0.649 0.870 0.390 0.727 0.961 0.870 0.468 0.844 0.870 0.987 0.870 0.961 0.987 0.987 1.000 0.961 0.987 1.000 0.610 0.766 0.922 0.974 0.987 0.779 0.987 0.896 0.987 0.857 0.896 0.909 0.805 0.987 0.662 0.935 0.701 0.883 0.922 0.922 1.000 1.000 0.987 1.000 0.818 0.987 0.909 1.000 0.987 1.000 0.662 0.987 1.000 0.922 0.766 1.000 1.000 0.805 0.987 1.000 1.000 ]
Empty labelvectors (predicted) 0    
Label cardinality (predicted)  26.714
Levenshtein distance           0.14 


== Additional Measurements (averaged across folds)

Number of training instances   77
Number of test instances       77
Label cardinality (train set)  28.338
Label cardinality (test set)   28.336
Build Time                     0.217
Test Time                      0.038
Total Time                     0.255


Averaging: 0.38929790455971974