== Evaluation Info

Classifier                     Prepare_CC.Base_CC
Options                        [-S, 0, -W, weka.classifiers.trees.J48, --, -C, 0.25, -M, 2]
Additional Info                [146, 104, 49, 92, 29, 87, 120, 143, 58, 140, 96, 12, 119, 36, 153, 19, 166, 20, 6, 94, 145, 22, 133, 69, 34, 13, 45, 110, 106, 97, 105, 4, 147, 157, 53, 150, 82, 142, 16, 99, 63, 158, 135, 74, 111, 161, 98, 159, 109, 17, 162, 42, 56, 85, 126, 18, 71, 114, 134, 91, 62, 40, 35, 5, 151, 31, 33, 52, 93, 1, 95, 14, 59, 26, 124, 101, 141, 10, 170, 156, 30, 44, 137, 138, 41, 115, 70, 86, 75, 79, 168, 113, 61, 11, 172, 100, 68, 117, 66, 67, 122, 65, 2, 84, 118, 8, 21, 38, 23, 125, 127, 102, 24, 121, 112, 103, 132, 28, 123, 9, 3, 54, 136, 165, 144, 15, 107, 152, 7, 129, 72, 108, 83, 164, 171, 131, 60, 64, 163, 130, 25, 81, 27, 32, 116, 148, 0, 73, 149, 167, 50, 37, 39, 43, 46, 47, 48, 51, 55, 57, 76, 77, 78, 80, 88, 89, 90, 128, 139, 154, 155, 160, 169, 173]
Dataset                        CAL500
Number of labels (L)           174
Type                           ML-CV
Threshold                      0.5
Verbosity                      3


== Predictive Performance

Number of test instances (N)   
Accuracy                       0.21 
Jaccard index                  0.21 
Hamming score                  0.817
Exact match                    0    
Jaccard distance               0.79 
Hamming loss                   0.183
ZeroOne loss                   1    
Harmonic score                 0.452
One error                      0.72 
Rank loss                      0.386
Avg precision                  0.239
Log Loss (lim. L)              0.946
Log Loss (lim. D)              0.792
F1 (micro averaged)            0.342
F1 (macro averaged by example) 0.335
F1 (macro averaged by label)   0.118
AUPRC (macro averaged)         NaN
AUROC (macro averaged)         NaN
Curve Data                     
Macro Curve Data               
Micro Curve Data               
Label indices                  [     0     1     2     3     4     5     6     7     8     9    10    11    12    13    14    15    16    17    18    19    20    21    22    23    24    25    26    27    28    29    30    31    32    33    34    35    36    37    38    39    40    41    42    43    44    45    46    47    48    49    50    51    52    53    54    55    56    57    58    59    60    61    62    63    64    65    66    67    68    69    70    71    72    73    74    75    76    77    78    79    80    81    82    83    84    85    86    87    88    89    90    91    92    93    94    95    96    97    98    99   100   101   102   103   104   105   106   107   108   109   110   111   112   113   114   115   116   117   118   119   120   121   122   123   124   125   126   127   128   129   130   131   132   133   134   135   136   137   138   139   140   141   142   143   144   145   146   147   148   149   150   151   152   153   154   155   156   157   158   159   160   161   162   163   164   165   166   167   168   169   170   171   172   173 ]
Accuracy (per label)           [ 0.680 0.427 0.560 0.867 0.933 0.400 0.667 0.547 0.813 0.413 0.707 0.400 0.720 0.533 0.587 0.720 0.653 0.627 0.800 0.573 0.733 0.507 0.960 0.533 0.707 0.667 0.760 0.520 0.573 0.707 0.893 0.467 0.840 0.613 0.973 0.547 0.787 1.000 0.933 1.000 0.853 0.987 0.987 1.000 0.987 0.760 1.000 1.000 1.000 0.760 0.933 1.000 0.947 0.907 0.973 1.000 0.907 1.000 0.907 0.653 0.960 0.827 0.987 0.680 0.987 0.693 0.987 0.813 0.840 0.640 0.747 0.640 0.453 0.760 0.893 0.787 1.000 1.000 1.000 0.547 1.000 0.800 0.747 0.947 0.693 0.973 0.467 0.987 1.000 1.000 1.000 0.627 0.720 0.920 0.560 0.667 0.667 0.520 0.827 0.520 0.813 0.707 0.773 0.627 0.573 0.667 0.973 0.880 0.653 0.933 0.960 0.573 0.600 0.467 0.853 0.920 0.720 0.400 0.680 0.973 0.933 0.560 0.840 0.907 0.813 0.907 0.947 0.987 1.000 0.987 0.960 0.960 0.987 0.707 0.813 0.947 0.960 0.987 0.920 1.000 0.947 0.920 0.813 0.973 0.827 0.893 0.960 0.653 0.867 0.920 0.947 0.880 0.960 0.920 1.000 1.000 0.987 0.747 0.987 0.840 1.000 0.840 0.987 0.880 0.987 0.973 0.947 0.973 0.987 1.000 0.920 0.973 0.933 1.000 ]
Empty labelvectors (predicted) 0    
Label cardinality (predicted)  22.413
Levenshtein distance           0.145


== Additional Measurements (averaged across folds)

Number of training instances   75
Number of test instances       75
Label cardinality (train set)  26.081
Label cardinality (test set)   26.13
Build Time                     0.237
Test Time                      0.042
Total Time                     0.28 


Averaging: 0.3422654400201925