== Evaluation Info

Classifier                     Prepare_CC.Base_CC
Options                        [-S, 0, -W, weka.classifiers.trees.J48, --, -C, 0.25, -M, 2]
Additional Info                [98, 92, 109, 12, 41, 11, 130, 1, 28, 62, 29, 144, 90, 147, 95, 129, 54, 124, 53, 34, 115, 160, 155, 135, 102, 6, 18, 50, 150, 43, 170, 32, 172, 82, 137, 21, 37, 84, 80, 70, 94, 153, 8, 159, 38, 69, 27, 22, 148, 26, 67, 52, 161, 7, 138, 101, 5, 112, 86, 66, 16, 111, 49, 85, 127, 3, 40, 114, 89, 63, 78, 113, 104, 19, 30, 106, 116, 103, 156, 64, 139, 68, 121, 42, 23, 141, 13, 157, 163, 77, 65, 166, 91, 140, 74, 57, 120, 59, 39, 51, 83, 167, 15, 107, 17, 10, 33, 97, 149, 4, 87, 125, 165, 131, 88, 81, 123, 24, 100, 76, 31, 126, 99, 146, 118, 134, 105, 61, 79, 169, 48, 162, 71, 9, 75, 2, 20, 60, 25, 35, 73, 36, 117, 72, 108, 132, 142, 128, 45, 44, 93, 56, 58, 164, 96, 0, 14, 46, 47, 55, 110, 119, 122, 133, 136, 143, 145, 151, 152, 154, 158, 168, 171, 173]
Dataset                        CAL500
Number of labels (L)           174
Type                           ML-CV
Threshold                      0.5
Verbosity                      3


== Predictive Performance

Number of test instances (N)   
Accuracy                       0.216
Jaccard index                  0.216
Hamming score                  0.841
Exact match                    0    
Jaccard distance               0.784
Hamming loss                   0.159
ZeroOne loss                   1    
Harmonic score                 0.475
One error                      0.367
Rank loss                      0.36 
Avg precision                  0.227
Log Loss (lim. L)              0.821
Log Loss (lim. D)              0.716
F1 (micro averaged)            0.35 
F1 (macro averaged by example) 0.35 
F1 (macro averaged by label)   0.115
AUPRC (macro averaged)         NaN
AUROC (macro averaged)         NaN
Curve Data                     
Macro Curve Data               
Micro Curve Data               
Label indices                  [     0     1     2     3     4     5     6     7     8     9    10    11    12    13    14    15    16    17    18    19    20    21    22    23    24    25    26    27    28    29    30    31    32    33    34    35    36    37    38    39    40    41    42    43    44    45    46    47    48    49    50    51    52    53    54    55    56    57    58    59    60    61    62    63    64    65    66    67    68    69    70    71    72    73    74    75    76    77    78    79    80    81    82    83    84    85    86    87    88    89    90    91    92    93    94    95    96    97    98    99   100   101   102   103   104   105   106   107   108   109   110   111   112   113   114   115   116   117   118   119   120   121   122   123   124   125   126   127   128   129   130   131   132   133   134   135   136   137   138   139   140   141   142   143   144   145   146   147   148   149   150   151   152   153   154   155   156   157   158   159   160   161   162   163   164   165   166   167   168   169   170   171   172   173 ]
Accuracy (per label)           [ 1.000 0.544 0.889 0.611 0.944 0.478 0.622 0.878 0.622 0.678 0.689 0.478 0.589 0.722 1.000 0.422 0.733 0.622 0.522 0.922 0.756 0.589 0.656 0.700 0.489 0.967 0.644 0.678 0.800 0.744 0.733 0.722 0.689 0.744 0.722 0.733 0.700 0.967 0.989 0.967 0.767 0.989 0.956 0.956 0.978 0.978 1.000 1.000 0.944 0.989 0.989 0.989 0.933 0.711 0.867 1.000 0.989 0.967 0.878 0.833 0.956 0.989 0.911 0.756 0.844 0.656 0.978 0.589 0.867 0.611 0.589 0.911 0.578 0.600 0.722 0.756 0.989 0.967 0.944 0.678 0.978 0.733 0.867 0.967 0.922 0.933 0.733 0.978 0.967 0.956 0.944 0.689 0.689 0.967 0.567 0.800 0.667 0.856 0.700 0.756 0.711 0.667 0.744 0.600 0.767 0.544 0.978 0.856 0.644 0.911 1.000 0.533 0.611 0.622 0.622 0.889 0.944 0.489 0.967 1.000 0.922 0.656 1.000 0.978 0.733 0.956 0.956 0.933 0.956 0.989 0.922 0.989 0.989 1.000 0.878 0.944 1.000 0.989 0.744 0.967 0.989 0.967 0.989 1.000 0.989 1.000 0.967 0.878 0.756 0.867 0.878 1.000 1.000 0.856 1.000 0.989 0.978 0.833 1.000 0.989 0.967 0.956 0.956 0.911 0.989 0.989 0.978 0.922 1.000 0.978 0.933 1.000 0.989 1.000 ]
Empty labelvectors (predicted) 0    
Label cardinality (predicted)  19.378
Levenshtein distance           0.131


== Additional Measurements (averaged across folds)

Number of training instances   90
Number of test instances       90
Label cardinality (train set)  23.222
Label cardinality (test set)   23.222
Build Time                     0.309
Test Time                      0.041
Total Time                     0.35 


Averaging: 0.3522520942255311