== Evaluation Info

Classifier                     Prepare_CC.Base_CC
Options                        [-S, 0, -W, weka.classifiers.trees.J48, --, -C, 0.25, -M, 2]
Additional Info                [71, 67, 46, 69, 59, 7, 125, 123, 103, 26, 92, 34, 23, 13, 102, 82, 93, 87, 62, 10, 50, 40, 117, 107, 111, 112, 88, 48, 89, 52, 57, 63, 94, 39, 30, 127, 108, 65, 116, 138, 134, 73, 120, 49, 3, 20, 77, 51, 85, 72, 29, 64, 90, 84, 122, 131, 106, 14, 105, 121, 115, 66, 5, 37, 91, 133, 61, 132, 140, 8, 31, 15, 35, 42, 74, 60, 2, 126, 101, 78, 100, 44, 58, 41, 36, 53, 56, 47, 80, 18, 76, 119, 32, 86, 96, 0, 136, 130, 12, 16, 70, 83, 99, 9, 22, 45, 110, 38, 17, 118, 98, 109, 139, 114, 113, 68, 124, 21, 104, 1, 95, 28, 19, 25, 11, 97, 54, 79, 4, 27, 6, 141, 81, 33, 75, 43, 135, 128, 55, 24, 137, 129]
Dataset                        CAL500
Number of labels (L)           142
Type                           ML-CV
Threshold                      0.5
Verbosity                      3


== Predictive Performance

Number of test instances (N)   
Accuracy                       0.338
Jaccard index                  0.338
Hamming score                  0.815
Exact match                    0    
Jaccard distance               0.662
Hamming loss                   0.185
ZeroOne loss                   1    
Harmonic score                 0.62 
One error                      0.406
Rank loss                      0.325
Avg precision                  0.366
Log Loss (lim. L)              0.918
Log Loss (lim. D)              0.77 
F1 (micro averaged)            0.504
F1 (macro averaged by example) 0.497
F1 (macro averaged by label)   0.184
AUPRC (macro averaged)         0.204
AUROC (macro averaged)         0.506
Curve Data                     
Macro Curve Data               
Micro Curve Data               
Label indices                  [     0     1     2     3     4     5     6     7     8     9    10    11    12    13    14    15    16    17    18    19    20    21    22    23    24    25    26    27    28    29    30    31    32    33    34    35    36    37    38    39    40    41    42    43    44    45    46    47    48    49    50    51    52    53    54    55    56    57    58    59    60    61    62    63    64    65    66    67    68    69    70    71    72    73    74    75    76    77    78    79    80    81    82    83    84    85    86    87    88    89    90    91    92    93    94    95    96    97    98    99   100   101   102   103   104   105   106   107   108   109   110   111   112   113   114   115   116   117   118   119   120   121   122   123   124   125   126   127   128   129   130   131   132   133   134   135   136   137   138   139   140   141 ]
Accuracy (per label)           [ 0.984 0.531 0.500 0.969 0.641 0.813 0.516 0.547 0.891 0.672 0.953 0.719 0.859 0.484 0.984 0.781 0.953 0.938 0.578 0.531 0.891 0.875 0.547 0.547 0.922 0.594 0.984 0.531 0.984 0.984 0.797 0.797 0.547 0.906 0.609 0.719 0.953 0.578 0.969 0.984 0.906 0.984 0.984 0.953 0.938 0.906 0.969 0.969 0.984 0.938 0.984 0.984 0.969 0.797 0.875 0.516 0.922 0.875 0.422 0.531 0.922 0.547 0.531 0.797 0.844 0.984 0.953 0.906 0.781 0.984 0.891 0.906 0.953 0.984 0.594 0.969 0.938 0.875 0.609 0.813 0.656 0.500 0.984 0.438 0.828 0.703 0.500 0.984 0.609 0.469 0.906 0.531 0.938 0.844 0.391 0.547 0.609 0.484 0.984 0.641 0.609 0.656 0.984 0.609 0.625 0.859 0.813 0.891 0.984 0.984 0.953 0.984 0.891 0.906 0.938 0.859 0.906 0.750 0.969 0.984 0.984 0.984 0.719 0.828 0.969 0.594 0.984 0.984 0.969 0.984 0.984 0.922 0.969 0.922 0.922 0.984 0.938 0.797 0.984 0.938 0.922 0.969 ]
Empty labelvectors (predicted) 0    
Label cardinality (predicted)  25.484
Levenshtein distance           0.158


== Additional Measurements (averaged across folds)

Number of training instances   64
Number of test instances       64
Label cardinality (train set)  27.562
Label cardinality (test set)   27.545
Build Time                     0.185
Test Time                      0.023
Total Time                     0.208


Averaging: 0.3843542039882852