== Evaluation Info

Classifier                     Prepare_CC.Base_CC
Options                        [-S, 0, -W, weka.classifiers.trees.J48, --, -C, 0.25, -M, 2]
Additional Info                [15, 26, 58, 89, 35, 0, 61, 28, 146, 141, 42, 145, 47, 11, 104, 139, 10, 83, 85, 6, 130, 157, 167, 60, 172, 34, 82, 48, 7, 108, 102, 151, 106, 113, 22, 134, 170, 126, 131, 69, 119, 76, 97, 65, 73, 4, 72, 71, 116, 158, 18, 152, 1, 9, 98, 23, 112, 8, 14, 59, 39, 150, 54, 53, 156, 55, 107, 31, 95, 123, 19, 40, 105, 75, 153, 147, 74, 79, 93, 77, 87, 148, 99, 64, 120, 94, 36, 84, 62, 70, 78, 166, 46, 163, 162, 80, 173, 136, 138, 90, 63, 88, 142, 16, 114, 117, 27, 125, 115, 121, 57, 25, 109, 164, 81, 118, 2, 32, 92, 50, 29, 33, 91, 144, 128, 24, 133, 154, 30, 21, 12, 111, 161, 20, 169, 127, 49, 165, 5, 101, 51, 149, 135, 66, 103, 13, 96, 67, 86, 45, 122, 159, 17, 3, 37, 38, 41, 43, 44, 52, 56, 68, 100, 110, 124, 129, 132, 137, 140, 143, 155, 160, 168, 171]
Dataset                        CAL500
Number of labels (L)           174
Type                           ML-CV
Threshold                      0.5
Verbosity                      3


== Predictive Performance

Number of test instances (N)   
Accuracy                       0.286
Jaccard index                  0.286
Hamming score                  0.835
Exact match                    0    
Jaccard distance               0.714
Hamming loss                   0.165
ZeroOne loss                   1    
Harmonic score                 0.575
One error                      0.495
Rank loss                      0.318
Avg precision                  0.294
Log Loss (lim. L)              0.852
Log Loss (lim. D)              0.749
F1 (micro averaged)            0.443
F1 (macro averaged by example) 0.437
F1 (macro averaged by label)   0.127
AUPRC (macro averaged)         NaN
AUROC (macro averaged)         NaN
Curve Data                     
Macro Curve Data               
Micro Curve Data               
Label indices                  [     0     1     2     3     4     5     6     7     8     9    10    11    12    13    14    15    16    17    18    19    20    21    22    23    24    25    26    27    28    29    30    31    32    33    34    35    36    37    38    39    40    41    42    43    44    45    46    47    48    49    50    51    52    53    54    55    56    57    58    59    60    61    62    63    64    65    66    67    68    69    70    71    72    73    74    75    76    77    78    79    80    81    82    83    84    85    86    87    88    89    90    91    92    93    94    95    96    97    98    99   100   101   102   103   104   105   106   107   108   109   110   111   112   113   114   115   116   117   118   119   120   121   122   123   124   125   126   127   128   129   130   131   132   133   134   135   136   137   138   139   140   141   142   143   144   145   146   147   148   149   150   151   152   153   154   155   156   157   158   159   160   161   162   163   164   165   166   167   168   169   170   171   172   173 ]
Accuracy (per label)           [ 0.989 0.452 0.495 1.000 0.978 0.559 0.892 0.548 0.462 0.806 0.516 0.903 0.613 0.774 0.570 0.925 0.527 0.978 0.892 0.505 0.559 0.796 0.914 0.344 0.645 0.914 0.452 0.903 0.376 0.925 0.989 0.613 0.925 0.419 0.957 0.452 0.667 1.000 1.000 0.925 0.559 1.000 0.978 1.000 1.000 0.946 0.989 0.957 0.989 0.989 0.914 0.978 1.000 0.946 0.903 0.935 1.000 0.968 0.978 0.903 0.968 0.925 0.935 0.731 0.839 0.430 0.946 0.925 1.000 0.387 0.441 0.935 0.516 0.495 0.710 0.806 0.978 0.978 0.914 0.796 0.989 0.860 0.989 0.957 0.925 0.989 0.742 0.978 0.935 0.882 0.989 0.441 0.914 0.892 0.581 0.559 0.978 0.484 0.882 0.677 1.000 0.591 0.925 0.548 0.957 0.441 0.957 0.667 0.892 0.871 1.000 0.366 0.710 0.591 0.538 0.946 0.548 0.484 0.753 0.989 0.785 0.452 0.903 0.882 1.000 0.882 0.978 0.989 0.978 1.000 0.968 0.968 1.000 0.946 0.860 0.946 0.957 1.000 0.849 0.946 1.000 0.839 0.989 1.000 0.914 0.978 0.989 0.667 0.731 0.903 0.645 0.989 0.989 0.968 0.989 1.000 0.989 0.968 0.978 0.925 1.000 0.892 0.968 0.935 0.946 0.989 0.957 0.806 1.000 0.989 0.892 1.000 0.989 0.978 ]
Empty labelvectors (predicted) 0    
Label cardinality (predicted)  24.968
Levenshtein distance           0.138


== Additional Measurements (averaged across folds)

Number of training instances   93
Number of test instances       93
Label cardinality (train set)  26.655
Label cardinality (test set)   26.597
Build Time                     0.358
Test Time                      0.045
Total Time                     0.403


Averaging: 0.3735088417867421