== Evaluation Info

Classifier                     Prepare_CC.Base_CC
Options                        [-S, 0, -W, weka.classifiers.trees.J48, --, -C, 0.25, -M, 2]
Additional Info                [116, 137, 142, 70, 141, 2, 148, 158, 12, 33, 95, 67, 27, 65, 42, 173, 130, 99, 59, 73, 127, 149, 167, 131, 4, 6, 30, 24, 104, 26, 72, 139, 125, 121, 119, 164, 97, 172, 10, 66, 85, 43, 25, 32, 35, 160, 41, 31, 120, 134, 52, 113, 76, 169, 106, 102, 16, 146, 132, 19, 143, 108, 47, 75, 34, 168, 28, 155, 153, 162, 128, 18, 111, 110, 44, 170, 96, 5, 82, 98, 107, 63, 62, 53, 40, 84, 71, 57, 150, 20, 15, 124, 13, 68, 103, 89, 166, 117, 1, 29, 92, 105, 39, 140, 156, 11, 74, 100, 69, 77, 94, 51, 37, 80, 112, 91, 78, 36, 45, 56, 126, 21, 101, 109, 83, 8, 157, 147, 161, 81, 60, 3, 87, 46, 114, 90, 64, 129, 165, 135, 79, 86, 54, 138, 171, 163, 115, 58, 23, 9, 22, 17, 0, 7, 14, 38, 48, 49, 50, 55, 61, 88, 93, 118, 122, 123, 133, 136, 144, 145, 151, 152, 154, 159]
Dataset                        CAL500
Number of labels (L)           174
Type                           ML-CV
Threshold                      0.5
Verbosity                      3


== Predictive Performance

Number of test instances (N)   
Accuracy                       0.321
Jaccard index                  0.321
Hamming score                  0.855
Exact match                    0    
Jaccard distance               0.679
Hamming loss                   0.145
ZeroOne loss                   1    
Harmonic score                 0.605
One error                      0.099
Rank loss                      0.294
Avg precision                  0.327
Log Loss (lim. L)              0.748
Log Loss (lim. D)              0.654
F1 (micro averaged)            0.481
F1 (macro averaged by example) 0.479
F1 (macro averaged by label)   0.131
AUPRC (macro averaged)         NaN
AUROC (macro averaged)         NaN
Curve Data                     
Macro Curve Data               
Micro Curve Data               
Label indices                  [     0     1     2     3     4     5     6     7     8     9    10    11    12    13    14    15    16    17    18    19    20    21    22    23    24    25    26    27    28    29    30    31    32    33    34    35    36    37    38    39    40    41    42    43    44    45    46    47    48    49    50    51    52    53    54    55    56    57    58    59    60    61    62    63    64    65    66    67    68    69    70    71    72    73    74    75    76    77    78    79    80    81    82    83    84    85    86    87    88    89    90    91    92    93    94    95    96    97    98    99   100   101   102   103   104   105   106   107   108   109   110   111   112   113   114   115   116   117   118   119   120   121   122   123   124   125   126   127   128   129   130   131   132   133   134   135   136   137   138   139   140   141   142   143   144   145   146   147   148   149   150   151   152   153   154   155   156   157   158   159   160   161   162   163   164   165   166   167   168   169   170   171   172   173 ]
Accuracy (per label)           [ 1.000 0.901 0.967 0.495 0.978 0.626 0.516 1.000 0.857 0.626 0.989 0.538 0.495 0.912 1.000 0.780 0.879 0.495 0.571 0.956 0.923 0.549 0.659 0.626 0.626 0.978 0.857 0.725 0.868 0.549 0.659 0.758 0.615 0.868 0.549 0.681 0.747 0.956 1.000 0.989 0.813 0.989 0.934 0.956 0.978 0.989 0.989 0.989 1.000 1.000 1.000 0.978 0.824 0.824 0.934 1.000 0.967 0.901 0.813 0.945 0.802 1.000 0.846 0.846 0.923 0.802 0.956 0.659 0.967 0.582 0.527 0.967 0.505 0.703 0.967 0.527 0.956 0.978 0.978 0.560 0.989 0.692 0.989 0.923 0.989 0.890 0.879 0.967 1.000 0.989 0.945 0.714 0.626 1.000 0.549 0.956 0.516 0.956 0.527 0.956 0.549 0.604 0.780 0.736 0.637 0.549 0.978 0.824 0.637 0.802 0.989 0.791 0.451 0.824 0.846 0.956 0.989 0.703 1.000 0.967 0.978 0.736 1.000 1.000 0.681 0.945 0.978 0.868 0.890 0.978 0.934 0.989 0.945 1.000 0.956 0.945 1.000 0.912 0.516 0.934 0.989 0.923 0.857 0.989 1.000 1.000 0.989 0.912 0.736 0.802 0.923 1.000 1.000 0.857 1.000 0.956 0.934 0.978 0.967 1.000 0.978 0.945 0.956 0.989 0.967 0.967 0.989 0.967 0.967 0.989 0.890 0.890 0.956 0.989 ]
Empty labelvectors (predicted) 0    
Label cardinality (predicted)  22.879
Levenshtein distance           0.127


== Additional Measurements (averaged across folds)

Number of training instances   91
Number of test instances       91
Label cardinality (train set)  25.769
Label cardinality (test set)   25.776
Build Time                     0.331
Test Time                      0.044
Total Time                     0.375


Averaging: 0.3920175304965034