== Evaluation Info

Classifier                     Prepare_CC.Base_CC
Options                        [-S, 0, -W, weka.classifiers.trees.J48, --, -C, 0.25, -M, 2]
Additional Info                [52, 110, 40, 49, 38, 119, 101, 139, 23, 147, 126, 61, 143, 67, 50, 155, 16, 28, 106, 51, 116, 21, 90, 91, 9, 159, 136, 131, 164, 4, 11, 133, 146, 15, 163, 104, 0, 84, 42, 37, 94, 81, 70, 71, 141, 6, 17, 122, 121, 130, 115, 1, 86, 26, 140, 73, 128, 109, 170, 25, 47, 123, 134, 99, 2, 148, 151, 12, 74, 157, 63, 79, 108, 150, 75, 145, 127, 36, 66, 30, 113, 142, 5, 65, 102, 152, 82, 10, 117, 124, 103, 138, 69, 13, 95, 112, 111, 57, 72, 125, 60, 19, 35, 166, 68, 41, 105, 97, 92, 31, 107, 135, 96, 20, 98, 77, 149, 93, 7, 29, 64, 118, 46, 33, 120, 171, 3, 59, 144, 100, 114, 14, 167, 27, 8, 18, 22, 24, 32, 34, 39, 43, 44, 45, 48, 53, 54, 55, 56, 58, 62, 76, 78, 80, 83, 85, 87, 88, 89, 129, 132, 137, 153, 154, 156, 158, 160, 161, 162, 165, 168, 169, 172, 173]
Dataset                        CAL500
Number of labels (L)           174
Type                           ML-CV
Threshold                      0.5
Verbosity                      3


== Predictive Performance

Number of test instances (N)   
Accuracy                       0.381
Jaccard index                  0.381
Hamming score                  0.844
Exact match                    0    
Jaccard distance               0.619
Hamming loss                   0.156
ZeroOne loss                   1    
Harmonic score                 0.677
One error                      0.508
Rank loss                      0.285
Avg precision                  0.392
Log Loss (lim. L)              0.805
Log Loss (lim. D)              0.642
F1 (micro averaged)            0.544
F1 (macro averaged by example) 0.545
F1 (macro averaged by label)   0.164
AUPRC (macro averaged)         NaN
AUROC (macro averaged)         NaN
Curve Data                     
Macro Curve Data               
Micro Curve Data               
Label indices                  [     0     1     2     3     4     5     6     7     8     9    10    11    12    13    14    15    16    17    18    19    20    21    22    23    24    25    26    27    28    29    30    31    32    33    34    35    36    37    38    39    40    41    42    43    44    45    46    47    48    49    50    51    52    53    54    55    56    57    58    59    60    61    62    63    64    65    66    67    68    69    70    71    72    73    74    75    76    77    78    79    80    81    82    83    84    85    86    87    88    89    90    91    92    93    94    95    96    97    98    99   100   101   102   103   104   105   106   107   108   109   110   111   112   113   114   115   116   117   118   119   120   121   122   123   124   125   126   127   128   129   130   131   132   133   134   135   136   137   138   139   140   141   142   143   144   145   146   147   148   149   150   151   152   153   154   155   156   157   158   159   160   161   162   163   164   165   166   167   168   169   170   171   172   173 ]
Accuracy (per label)           [ 0.426 0.934 0.475 0.836 0.836 0.541 0.984 0.902 1.000 0.656 0.984 0.689 0.623 0.820 0.541 0.885 0.967 0.475 1.000 0.738 0.967 0.721 1.000 0.885 1.000 0.541 0.984 0.557 0.426 0.984 0.836 0.492 1.000 0.951 1.000 0.885 0.443 0.951 0.984 1.000 0.623 0.984 0.984 1.000 1.000 1.000 0.951 0.984 1.000 0.590 0.738 0.967 0.984 1.000 1.000 1.000 1.000 0.967 1.000 0.852 0.984 0.803 1.000 0.984 0.885 0.475 0.984 0.951 0.967 0.738 0.525 0.902 0.689 0.656 0.557 0.787 1.000 0.984 1.000 0.689 1.000 0.918 0.885 1.000 0.869 1.000 0.754 1.000 1.000 1.000 0.984 0.705 0.574 0.934 0.590 0.475 0.787 0.557 0.984 0.607 0.984 0.738 0.639 0.885 0.574 0.492 0.967 0.902 0.607 0.705 0.934 0.672 0.885 0.672 0.885 0.623 0.869 0.525 0.754 0.951 0.852 0.607 0.869 0.787 0.984 0.934 0.967 0.984 0.984 1.000 0.967 0.951 1.000 0.459 0.754 0.951 0.902 1.000 0.607 0.984 0.770 0.984 0.836 0.984 0.803 0.770 0.984 0.492 0.918 0.705 0.770 0.787 0.820 1.000 1.000 0.984 1.000 0.918 1.000 0.803 1.000 1.000 1.000 0.590 0.984 1.000 0.852 0.770 1.000 1.000 0.803 0.984 1.000 1.000 ]
Empty labelvectors (predicted) 0    
Label cardinality (predicted)  29.672
Levenshtein distance           0.138


== Additional Measurements (averaged across folds)

Number of training instances   61
Number of test instances       61
Label cardinality (train set)  29.918
Label cardinality (test set)   29.886
Build Time                     0.151
Test Time                      0.033
Total Time                     0.184


Averaging: 0.40844500279631696