== Evaluation Info

Classifier                     Prepare_CC.Base_CC
Options                        [-S, 0, -W, weka.classifiers.trees.J48, --, -C, 0.25, -M, 2]
Additional Info                [38, 25, 21, 32, 98, 87, 22, 138, 72, 62, 134, 59, 118, 73, 156, 8, 133, 142, 116, 27, 121, 71, 6, 0, 31, 60, 151, 120, 119, 110, 115, 12, 86, 67, 52, 168, 148, 106, 123, 19, 30, 35, 136, 113, 50, 93, 23, 11, 101, 2, 170, 129, 161, 114, 61, 82, 111, 45, 74, 16, 3, 84, 131, 26, 99, 105, 1, 34, 75, 15, 149, 146, 40, 130, 81, 171, 117, 17, 69, 41, 164, 94, 165, 127, 159, 143, 141, 70, 92, 10, 102, 68, 122, 166, 24, 7, 79, 66, 103, 91, 144, 63, 53, 4, 125, 108, 153, 112, 172, 18, 14, 58, 167, 85, 49, 147, 44, 9, 13, 140, 65, 97, 109, 20, 145, 56, 157, 107, 28, 150, 126, 124, 100, 5, 104, 163, 135, 96, 33, 29, 95, 36, 37, 39, 42, 43, 46, 47, 48, 51, 54, 55, 57, 64, 76, 77, 78, 80, 83, 88, 89, 90, 128, 132, 137, 139, 152, 154, 155, 158, 160, 162, 169, 173]
Dataset                        CAL500
Number of labels (L)           174
Type                           ML-CV
Threshold                      0.5
Verbosity                      3


== Predictive Performance

Number of test instances (N)   
Accuracy                       0.226
Jaccard index                  0.226
Hamming score                  0.823
Exact match                    0    
Jaccard distance               0.774
Hamming loss                   0.177
ZeroOne loss                   1    
Harmonic score                 0.484
One error                      0.593
Rank loss                      0.377
Avg precision                  0.245
Log Loss (lim. L)              0.912
Log Loss (lim. D)              0.705
F1 (micro averaged)            0.359
F1 (macro averaged by example) 0.359
F1 (macro averaged by label)   0.12 
AUPRC (macro averaged)         NaN
AUROC (macro averaged)         NaN
Curve Data                     
Macro Curve Data               
Micro Curve Data               
Label indices                  [     0     1     2     3     4     5     6     7     8     9    10    11    12    13    14    15    16    17    18    19    20    21    22    23    24    25    26    27    28    29    30    31    32    33    34    35    36    37    38    39    40    41    42    43    44    45    46    47    48    49    50    51    52    53    54    55    56    57    58    59    60    61    62    63    64    65    66    67    68    69    70    71    72    73    74    75    76    77    78    79    80    81    82    83    84    85    86    87    88    89    90    91    92    93    94    95    96    97    98    99   100   101   102   103   104   105   106   107   108   109   110   111   112   113   114   115   116   117   118   119   120   121   122   123   124   125   126   127   128   129   130   131   132   133   134   135   136   137   138   139   140   141   142   143   144   145   146   147   148   149   150   151   152   153   154   155   156   157   158   159   160   161   162   163   164   165   166   167   168   169   170   171   172   173 ]
Accuracy (per label)           [ 0.667 0.519 0.667 0.759 0.963 0.574 0.722 0.630 0.889 0.463 0.759 0.611 0.778 0.389 0.630 0.685 0.759 0.519 0.796 0.407 0.852 0.537 0.981 0.556 0.648 0.648 0.944 0.537 0.574 0.722 0.963 0.500 0.833 0.611 0.981 0.593 0.907 1.000 0.981 1.000 0.741 0.981 1.000 1.000 0.981 0.796 1.000 1.000 1.000 0.870 0.981 1.000 0.926 0.907 1.000 1.000 0.870 1.000 0.796 0.500 0.963 0.778 0.981 0.685 1.000 0.648 0.963 0.778 0.759 0.648 0.852 0.667 0.611 0.685 0.926 0.870 1.000 1.000 1.000 0.370 1.000 0.907 0.611 1.000 0.574 0.981 0.481 0.981 1.000 1.000 1.000 0.722 0.722 0.870 0.556 0.667 0.796 0.556 0.704 0.481 0.926 0.852 0.704 0.667 0.648 0.574 0.963 0.852 0.519 0.926 0.963 0.611 0.519 0.463 0.741 0.944 0.741 0.463 0.667 0.981 0.907 0.537 0.870 0.852 0.722 0.944 0.907 0.981 1.000 0.981 0.870 0.981 1.000 0.759 0.870 0.944 0.944 1.000 0.981 1.000 0.963 0.963 0.796 0.981 0.796 0.944 0.907 0.778 0.926 0.963 0.944 0.907 1.000 0.926 1.000 1.000 0.963 0.648 1.000 0.796 1.000 0.944 1.000 0.907 0.981 0.981 0.963 0.981 0.981 1.000 0.870 0.963 0.981 1.000 ]
Empty labelvectors (predicted) 0    
Label cardinality (predicted)  22.759
Levenshtein distance           0.14 


== Additional Measurements (averaged across folds)

Number of training instances   54
Number of test instances       54
Label cardinality (train set)  25.223
Label cardinality (test set)   25.267
Build Time                     0.131
Test Time                      0.031
Total Time                     0.162


Averaging: 0.3497471691272915