== Evaluation Info

Classifier                     Prepare_CC.Base_CC
Options                        [-S, 0, -W, weka.classifiers.trees.J48, --, -C, 0.25, -M, 2]
Additional Info                [111, 65, 40, 37, 138, 162, 147, 10, 25, 18, 64, 109, 127, 27, 150, 169, 61, 28, 13, 83, 143, 80, 100, 23, 33, 14, 67, 120, 107, 59, 45, 135, 88, 98, 44, 163, 32, 157, 126, 2, 3, 42, 76, 167, 148, 43, 63, 123, 112, 146, 16, 31, 104, 160, 17, 22, 106, 114, 39, 0, 77, 68, 70, 118, 36, 73, 156, 108, 79, 113, 11, 122, 144, 142, 53, 75, 20, 49, 62, 24, 101, 166, 93, 30, 78, 121, 161, 72, 99, 125, 165, 139, 66, 130, 34, 89, 137, 46, 71, 105, 41, 145, 159, 12, 96, 81, 38, 1, 4, 21, 6, 52, 58, 141, 94, 154, 69, 117, 26, 15, 19, 91, 153, 116, 29, 54, 9, 95, 97, 5, 124, 47, 8, 172, 164, 60, 56, 7, 149, 115, 134, 85, 170, 102, 129, 92, 57, 155, 128, 158, 140, 132, 74, 87, 82, 48, 50, 84, 86, 35, 103, 51, 55, 90, 110, 119, 131, 133, 136, 151, 152, 168, 171, 173]
Dataset                        CAL500
Number of labels (L)           174
Type                           ML-CV
Threshold                      0.5
Verbosity                      3


== Predictive Performance

Number of test instances (N)   
Accuracy                       0.193
Jaccard index                  0.193
Hamming score                  0.83 
Exact match                    0    
Jaccard distance               0.807
Hamming loss                   0.17 
ZeroOne loss                   1    
Harmonic score                 0.432
One error                      0.43 
Rank loss                      0.382
Avg precision                  0.214
Log Loss (lim. L)              0.879
Log Loss (lim. D)              0.772
F1 (micro averaged)            0.318
F1 (macro averaged by example) 0.315
F1 (macro averaged by label)   0.11 
AUPRC (macro averaged)         NaN
AUROC (macro averaged)         NaN
Curve Data                     
Macro Curve Data               
Micro Curve Data               
Label indices                  [     0     1     2     3     4     5     6     7     8     9    10    11    12    13    14    15    16    17    18    19    20    21    22    23    24    25    26    27    28    29    30    31    32    33    34    35    36    37    38    39    40    41    42    43    44    45    46    47    48    49    50    51    52    53    54    55    56    57    58    59    60    61    62    63    64    65    66    67    68    69    70    71    72    73    74    75    76    77    78    79    80    81    82    83    84    85    86    87    88    89    90    91    92    93    94    95    96    97    98    99   100   101   102   103   104   105   106   107   108   109   110   111   112   113   114   115   116   117   118   119   120   121   122   123   124   125   126   127   128   129   130   131   132   133   134   135   136   137   138   139   140   141   142   143   144   145   146   147   148   149   150   151   152   153   154   155   156   157   158   159   160   161   162   163   164   165   166   167   168   169   170   171   172   173 ]
Accuracy (per label)           [ 0.978 0.516 0.763 0.699 0.860 0.495 0.570 0.806 0.527 0.688 0.634 0.581 0.548 0.581 0.903 0.548 0.688 0.602 0.527 0.774 0.742 0.559 0.656 0.484 0.559 0.871 0.699 0.667 0.720 0.763 0.763 0.548 0.645 0.699 0.742 0.602 0.688 0.935 0.989 0.978 0.753 0.978 0.968 0.957 0.989 0.978 0.989 0.989 0.978 0.989 0.978 1.000 0.957 0.871 0.935 1.000 0.989 0.957 0.871 0.710 0.935 0.978 0.925 0.817 0.914 0.731 0.957 0.720 0.753 0.677 0.624 0.839 0.527 0.645 0.806 0.720 0.989 0.925 0.903 0.559 0.978 0.763 0.796 0.925 0.785 0.957 0.785 0.925 0.935 0.925 1.000 0.634 0.710 0.860 0.430 0.817 0.613 0.828 0.677 0.634 0.688 0.581 0.753 0.624 0.849 0.527 0.978 0.774 0.742 0.892 1.000 0.527 0.559 0.559 0.763 0.914 0.914 0.419 0.925 1.000 0.839 0.634 0.978 0.968 0.806 0.957 0.978 0.968 0.957 0.989 0.914 1.000 0.989 1.000 0.892 0.989 1.000 0.978 0.742 0.968 0.989 0.957 0.968 0.957 0.989 0.989 0.968 0.892 0.892 0.882 0.839 1.000 1.000 0.946 0.989 0.989 0.989 0.720 0.989 0.989 0.968 0.935 0.989 0.914 0.989 0.989 0.968 0.935 1.000 0.935 0.925 1.000 0.968 1.000 ]
Empty labelvectors (predicted) 0    
Label cardinality (predicted)  19.656
Levenshtein distance           0.136


== Additional Measurements (averaged across folds)

Number of training instances   93
Number of test instances       93
Label cardinality (train set)  23.839
Label cardinality (test set)   23.852
Build Time                     0.337
Test Time                      0.047
Total Time                     0.384


Averaging: 0.34083774540980877