== Evaluation Info

Classifier                     Prepare_CC.Base_CC
Options                        [-S, 0, -W, weka.classifiers.trees.J48, --, -C, 0.25, -M, 2]
Additional Info                [14, 121, 7, 47, 86, 68, 96, 148, 39, 88, 145, 90, 76, 133, 10, 65, 112, 170, 0, 20, 163, 144, 138, 59, 168, 3, 105, 74, 15, 108, 11, 60, 51, 173, 16, 128, 136, 84, 5, 46, 52, 70, 113, 72, 35, 157, 41, 135, 1, 94, 85, 22, 130, 78, 155, 57, 156, 102, 119, 2, 142, 140, 126, 23, 54, 48, 71, 97, 12, 103, 95, 45, 32, 24, 21, 50, 122, 111, 134, 93, 109, 147, 79, 131, 18, 43, 87, 101, 120, 26, 27, 83, 115, 44, 75, 132, 106, 80, 150, 104, 154, 66, 162, 49, 91, 117, 172, 63, 123, 139, 8, 69, 36, 58, 30, 159, 28, 67, 55, 129, 124, 89, 114, 164, 160, 99, 146, 100, 141, 42, 92, 118, 167, 73, 171, 34, 110, 40, 6, 29, 13, 38, 166, 82, 31, 137, 64, 62, 116, 61, 25, 53, 127, 169, 33, 161, 152, 98, 81, 19, 149, 125, 17, 9, 153, 107, 4, 37, 56, 77, 143, 151, 158, 165]
Dataset                        CAL500
Number of labels (L)           174
Type                           ML-CV
Threshold                      0.5
Verbosity                      3


== Predictive Performance

Number of test instances (N)   
Accuracy                       0.232
Jaccard index                  0.232
Hamming score                  0.827
Exact match                    0    
Jaccard distance               0.768
Hamming loss                   0.173
ZeroOne loss                   1    
Harmonic score                 0.481
One error                      0.367
Rank loss                      0.369
Avg precision                  0.257
Log Loss (lim. L)              0.891
Log Loss (lim. D)              0.754
F1 (micro averaged)            0.375
F1 (macro averaged by example) 0.368
F1 (macro averaged by label)   0.128
AUPRC (macro averaged)         NaN
AUROC (macro averaged)         NaN
Curve Data                     
Macro Curve Data               
Micro Curve Data               
Label indices                  [     0     1     2     3     4     5     6     7     8     9    10    11    12    13    14    15    16    17    18    19    20    21    22    23    24    25    26    27    28    29    30    31    32    33    34    35    36    37    38    39    40    41    42    43    44    45    46    47    48    49    50    51    52    53    54    55    56    57    58    59    60    61    62    63    64    65    66    67    68    69    70    71    72    73    74    75    76    77    78    79    80    81    82    83    84    85    86    87    88    89    90    91    92    93    94    95    96    97    98    99   100   101   102   103   104   105   106   107   108   109   110   111   112   113   114   115   116   117   118   119   120   121   122   123   124   125   126   127   128   129   130   131   132   133   134   135   136   137   138   139   140   141   142   143   144   145   146   147   148   149   150   151   152   153   154   155   156   157   158   159   160   161   162   163   164   165   166   167   168   169   170   171   172   173 ]
Accuracy (per label)           [ 0.962 0.532 0.519 0.823 1.000 0.608 0.709 0.620 0.595 0.772 0.633 0.886 0.595 0.810 0.582 0.911 0.582 0.899 0.722 0.608 0.722 0.734 0.608 0.595 0.456 0.962 0.532 0.911 0.456 0.962 0.873 0.519 0.772 0.620 0.608 0.633 0.759 1.000 0.962 0.987 0.810 0.987 0.873 0.975 0.975 0.911 0.962 0.899 0.975 0.962 0.911 0.937 0.937 0.823 0.797 0.975 1.000 0.924 0.899 0.975 0.987 0.987 0.861 0.608 0.823 0.570 0.987 0.962 0.949 0.506 0.557 0.899 0.532 0.658 0.861 0.671 0.949 1.000 0.937 0.620 0.987 0.658 0.987 0.886 0.975 0.861 0.772 0.987 0.987 0.861 0.987 0.481 0.987 0.848 0.633 0.608 0.696 0.646 0.797 0.570 0.899 0.456 0.949 0.405 0.975 0.418 0.975 0.481 0.861 0.785 0.987 0.456 0.582 0.595 0.722 0.949 0.646 0.608 0.785 0.899 0.886 0.443 0.962 0.886 0.937 0.873 0.937 0.987 0.924 0.949 0.911 0.987 0.987 0.949 0.937 0.949 0.886 0.962 0.506 0.962 0.987 0.835 0.937 1.000 0.987 0.987 0.975 0.671 0.797 0.987 0.886 1.000 0.962 0.899 0.949 0.962 0.987 0.987 1.000 0.987 0.937 0.911 0.873 0.949 0.987 1.000 0.937 0.911 0.949 0.987 0.886 0.962 0.987 0.962 ]
Empty labelvectors (predicted) 0    
Label cardinality (predicted)  21.316
Levenshtein distance           0.141


== Additional Measurements (averaged across folds)

Number of training instances   79
Number of test instances       79
Label cardinality (train set)  26.772
Label cardinality (test set)   26.745
Build Time                     0.283
Test Time                      0.039
Total Time                     0.322


Averaging: 0.35305828864844785