== Evaluation Info

Classifier                     Prepare_CC.Base_CC
Options                        [-S, 0, -W, weka.classifiers.trees.J48, --, -C, 0.25, -M, 2]
Additional Info                [97, 42, 75, 107, 89, 95, 149, 35, 67, 24, 81, 60, 21, 28, 54, 127, 99, 150, 172, 57, 125, 39, 162, 18, 138, 62, 153, 73, 135, 130, 158, 69, 133, 26, 11, 36, 148, 7, 55, 128, 53, 88, 91, 20, 74, 25, 59, 86, 22, 94, 49, 146, 34, 119, 103, 17, 50, 12, 98, 144, 65, 15, 71, 78, 87, 45, 80, 76, 170, 6, 114, 169, 5, 72, 139, 77, 118, 167, 120, 33, 32, 8, 113, 29, 122, 136, 46, 115, 2, 1, 166, 30, 151, 84, 121, 83, 61, 64, 106, 154, 142, 63, 105, 85, 145, 93, 9, 131, 134, 0, 111, 27, 159, 40, 123, 23, 161, 117, 10, 102, 108, 116, 165, 101, 48, 164, 79, 147, 141, 70, 109, 173, 19, 58, 4, 112, 14, 16, 47, 96, 163, 157, 13, 31, 66, 3, 37, 38, 41, 43, 44, 51, 52, 56, 68, 82, 90, 92, 100, 104, 110, 124, 126, 129, 132, 137, 140, 143, 152, 155, 156, 160, 168, 171]
Dataset                        CAL500
Number of labels (L)           174
Type                           ML-CV
Threshold                      0.5
Verbosity                      3


== Predictive Performance

Number of test instances (N)   
Accuracy                       0.323
Jaccard index                  0.323
Hamming score                  0.843
Exact match                    0    
Jaccard distance               0.677
Hamming loss                   0.157
ZeroOne loss                   1    
Harmonic score                 0.61 
One error                      0.357
Rank loss                      0.309
Avg precision                  0.334
Log Loss (lim. L)              0.812
Log Loss (lim. D)              0.669
F1 (micro averaged)            0.487
F1 (macro averaged by example) 0.48 
F1 (macro averaged by label)   0.145
AUPRC (macro averaged)         NaN
AUROC (macro averaged)         NaN
Curve Data                     
Macro Curve Data               
Micro Curve Data               
Label indices                  [     0     1     2     3     4     5     6     7     8     9    10    11    12    13    14    15    16    17    18    19    20    21    22    23    24    25    26    27    28    29    30    31    32    33    34    35    36    37    38    39    40    41    42    43    44    45    46    47    48    49    50    51    52    53    54    55    56    57    58    59    60    61    62    63    64    65    66    67    68    69    70    71    72    73    74    75    76    77    78    79    80    81    82    83    84    85    86    87    88    89    90    91    92    93    94    95    96    97    98    99   100   101   102   103   104   105   106   107   108   109   110   111   112   113   114   115   116   117   118   119   120   121   122   123   124   125   126   127   128   129   130   131   132   133   134   135   136   137   138   139   140   141   142   143   144   145   146   147   148   149   150   151   152   153   154   155   156   157   158   159   160   161   162   163   164   165   166   167   168   169   170   171   172   173 ]
Accuracy (per label)           [ 0.971 0.514 0.443 1.000 0.957 0.714 0.929 0.571 0.600 0.871 0.571 0.943 0.543 0.743 0.471 0.986 0.557 0.929 0.943 0.543 0.629 0.914 0.929 0.529 0.514 0.857 0.529 0.986 0.486 0.986 0.986 0.757 0.943 0.529 0.957 0.571 0.700 1.000 1.000 0.929 0.486 1.000 0.986 1.000 1.000 0.971 0.986 0.886 0.986 0.986 0.971 1.000 1.000 0.929 0.843 0.971 1.000 0.971 0.986 0.914 0.986 0.971 0.957 0.700 0.814 0.429 0.943 0.943 1.000 0.414 0.557 0.871 0.600 0.543 0.757 0.857 0.986 0.986 0.943 0.857 0.986 0.743 1.000 0.957 0.886 0.986 0.643 0.957 0.929 0.843 1.000 0.457 1.000 0.843 0.643 0.357 0.986 0.586 0.886 0.700 1.000 0.471 0.986 0.657 1.000 0.457 0.914 0.543 0.929 0.829 1.000 0.414 0.714 0.600 0.471 0.986 0.586 0.500 0.700 0.986 0.714 0.529 0.757 0.771 1.000 0.843 1.000 0.986 0.986 1.000 0.986 0.914 1.000 0.986 0.957 0.871 0.943 1.000 0.871 0.957 1.000 0.800 0.971 1.000 0.971 0.986 0.986 0.671 0.814 0.943 0.557 0.986 1.000 0.957 0.986 1.000 1.000 0.971 0.986 0.971 1.000 0.857 0.971 0.900 0.943 0.986 0.914 0.886 1.000 0.986 0.929 1.000 0.986 0.971 ]
Empty labelvectors (predicted) 0    
Label cardinality (predicted)  25.443
Levenshtein distance           0.136


== Additional Measurements (averaged across folds)

Number of training instances   70
Number of test instances       70
Label cardinality (train set)  27.957
Label cardinality (test set)   27.957
Build Time                     0.197
Test Time                      0.034
Total Time                     0.231


Averaging: 0.38856016907100904