== Evaluation Info

Classifier                     Prepare_CC.Base_CC
Options                        [-S, 0, -W, weka.classifiers.trees.J48, --, -C, 0.25, -M, 2]
Additional Info                [131, 140, 151, 50, 107, 30, 72, 44, 82, 98, 116, 132, 58, 24, 102, 129, 62, 157, 38, 35, 108, 123, 28, 99, 70, 61, 148, 11, 33, 21, 164, 168, 26, 67, 8, 156, 64, 31, 81, 121, 91, 127, 34, 9, 162, 120, 144, 68, 159, 143, 66, 36, 142, 153, 117, 40, 104, 49, 122, 60, 45, 111, 100, 10, 83, 73, 147, 63, 124, 134, 3, 150, 59, 110, 54, 101, 41, 17, 165, 103, 14, 25, 149, 23, 163, 7, 47, 75, 6, 15, 86, 13, 12, 79, 29, 171, 42, 119, 53, 172, 125, 52, 1, 145, 0, 84, 161, 56, 5, 74, 170, 118, 105, 4, 93, 92, 94, 27, 96, 136, 130, 71, 2, 141, 16, 106, 22, 146, 87, 20, 69, 126, 152, 18, 135, 32, 85, 113, 65, 97, 109, 112, 115, 138, 167, 19, 166, 114, 133, 95, 76, 37, 39, 43, 46, 48, 51, 55, 57, 77, 78, 80, 88, 89, 90, 128, 137, 139, 154, 155, 158, 160, 169, 173]
Dataset                        CAL500
Number of labels (L)           174
Type                           ML-CV
Threshold                      0.5
Verbosity                      3


== Predictive Performance

Number of test instances (N)   
Accuracy                       0.245
Jaccard index                  0.245
Hamming score                  0.825
Exact match                    0    
Jaccard distance               0.755
Hamming loss                   0.175
ZeroOne loss                   1    
Harmonic score                 0.512
One error                      0.603
Rank loss                      0.359
Avg precision                  0.263
Log Loss (lim. L)              0.904
Log Loss (lim. D)              0.739
F1 (micro averaged)            0.39 
F1 (macro averaged by example) 0.384
F1 (macro averaged by label)   0.134
AUPRC (macro averaged)         NaN
AUROC (macro averaged)         NaN
Curve Data                     
Macro Curve Data               
Micro Curve Data               
Label indices                  [     0     1     2     3     4     5     6     7     8     9    10    11    12    13    14    15    16    17    18    19    20    21    22    23    24    25    26    27    28    29    30    31    32    33    34    35    36    37    38    39    40    41    42    43    44    45    46    47    48    49    50    51    52    53    54    55    56    57    58    59    60    61    62    63    64    65    66    67    68    69    70    71    72    73    74    75    76    77    78    79    80    81    82    83    84    85    86    87    88    89    90    91    92    93    94    95    96    97    98    99   100   101   102   103   104   105   106   107   108   109   110   111   112   113   114   115   116   117   118   119   120   121   122   123   124   125   126   127   128   129   130   131   132   133   134   135   136   137   138   139   140   141   142   143   144   145   146   147   148   149   150   151   152   153   154   155   156   157   158   159   160   161   162   163   164   165   166   167   168   169   170   171   172   173 ]
Accuracy (per label)           [ 0.676 0.441 0.485 0.912 0.941 0.485 0.838 0.500 0.853 0.559 0.735 0.441 0.824 0.515 0.676 0.750 0.691 0.647 0.882 0.441 0.706 0.544 0.971 0.632 0.632 0.662 0.779 0.529 0.500 0.838 0.971 0.529 0.941 0.706 0.971 0.574 0.794 1.000 0.971 1.000 0.809 0.985 0.985 1.000 0.985 0.750 1.000 0.985 1.000 0.794 0.897 1.000 0.985 0.971 0.971 1.000 0.956 1.000 0.956 0.632 0.971 0.735 0.985 0.632 0.985 0.559 0.912 0.912 0.838 0.618 0.721 0.588 0.500 0.779 0.912 0.838 0.985 1.000 1.000 0.574 1.000 0.809 0.794 0.956 0.750 0.971 0.544 0.985 1.000 1.000 1.000 0.618 0.647 0.912 0.632 0.647 0.824 0.368 0.868 0.544 0.941 0.632 0.794 0.706 0.676 0.632 0.985 0.882 0.603 0.912 0.941 0.618 0.676 0.544 0.794 0.941 0.750 0.529 0.544 0.985 0.956 0.618 0.779 0.809 0.897 0.912 0.941 0.971 1.000 0.985 0.956 0.941 0.985 0.735 0.750 0.956 0.926 1.000 0.897 1.000 0.941 0.941 0.882 0.985 0.735 0.882 0.971 0.721 0.809 0.941 0.941 0.897 0.956 0.985 1.000 1.000 0.985 0.632 1.000 0.750 1.000 0.838 0.985 0.912 0.912 0.985 0.956 0.971 0.985 1.000 0.868 0.971 0.956 1.000 ]
Empty labelvectors (predicted) 0    
Label cardinality (predicted)  23.588
Levenshtein distance           0.143


== Additional Measurements (averaged across folds)

Number of training instances   68
Number of test instances       68
Label cardinality (train set)  26.397
Label cardinality (test set)   26.364
Build Time                     0.202
Test Time                      0.031
Total Time                     0.233


Averaging: 0.3567119205152712