== Evaluation Info

Classifier                     Prepare_CC.Base_CC
Options                        [-S, 0, -W, weka.classifiers.trees.J48, --, -C, 0.25, -M, 2]
Additional Info                [13, 105, 113, 130, 67, 161, 114, 166, 74, 21, 102, 70, 135, 31, 49, 22, 131, 82, 126, 14, 127, 170, 86, 96, 110, 29, 2, 98, 142, 109, 150, 50, 123, 64, 79, 157, 118, 63, 81, 151, 103, 124, 69, 16, 30, 97, 9, 15, 101, 138, 145, 7, 40, 108, 11, 75, 104, 147, 27, 133, 143, 23, 35, 0, 33, 3, 41, 46, 146, 5, 148, 155, 19, 36, 20, 84, 61, 141, 28, 57, 167, 99, 92, 112, 107, 115, 37, 137, 136, 42, 10, 152, 140, 73, 12, 71, 94, 24, 111, 120, 171, 1, 65, 119, 116, 159, 106, 26, 59, 163, 117, 95, 25, 4, 122, 128, 91, 121, 144, 93, 51, 60, 6, 134, 125, 77, 72, 87, 68, 139, 158, 149, 17, 8, 18, 32, 34, 38, 39, 43, 44, 45, 47, 48, 52, 53, 54, 55, 56, 58, 62, 66, 76, 78, 80, 83, 85, 88, 89, 90, 100, 129, 132, 153, 154, 156, 160, 162, 164, 165, 168, 169, 172, 173]
Dataset                        CAL500
Number of labels (L)           174
Type                           ML-CV
Threshold                      0.5
Verbosity                      3


== Predictive Performance

Number of test instances (N)   
Accuracy                       0.336
Jaccard index                  0.336
Hamming score                  0.84 
Exact match                    0    
Jaccard distance               0.664
Hamming loss                   0.16 
ZeroOne loss                   1    
Harmonic score                 0.633
One error                      0.587
Rank loss                      0.307
Avg precision                  0.343
Log Loss (lim. L)              0.826
Log Loss (lim. D)              0.691
F1 (micro averaged)            0.5  
F1 (macro averaged by example) 0.494
F1 (macro averaged by label)   0.152
AUPRC (macro averaged)         NaN
AUROC (macro averaged)         NaN
Curve Data                     
Macro Curve Data               
Micro Curve Data               
Label indices                  [     0     1     2     3     4     5     6     7     8     9    10    11    12    13    14    15    16    17    18    19    20    21    22    23    24    25    26    27    28    29    30    31    32    33    34    35    36    37    38    39    40    41    42    43    44    45    46    47    48    49    50    51    52    53    54    55    56    57    58    59    60    61    62    63    64    65    66    67    68    69    70    71    72    73    74    75    76    77    78    79    80    81    82    83    84    85    86    87    88    89    90    91    92    93    94    95    96    97    98    99   100   101   102   103   104   105   106   107   108   109   110   111   112   113   114   115   116   117   118   119   120   121   122   123   124   125   126   127   128   129   130   131   132   133   134   135   136   137   138   139   140   141   142   143   144   145   146   147   148   149   150   151   152   153   154   155   156   157   158   159   160   161   162   163   164   165   166   167   168   169   170   171   172   173 ]
Accuracy (per label)           [ 0.493 0.773 0.533 0.907 0.800 0.453 0.987 0.667 1.000 0.533 0.987 0.613 0.667 0.827 0.547 0.893 0.907 0.453 1.000 0.667 0.973 0.653 0.987 0.720 0.987 0.480 0.987 0.480 0.547 0.947 0.853 0.400 1.000 0.760 1.000 0.840 0.480 0.987 1.000 1.000 0.733 0.973 0.987 1.000 1.000 1.000 0.907 1.000 1.000 0.653 0.787 0.973 1.000 1.000 1.000 1.000 1.000 0.973 1.000 0.760 0.987 0.920 1.000 0.933 0.960 0.453 1.000 0.973 0.880 0.760 0.507 0.813 0.600 0.587 0.493 0.813 1.000 0.920 1.000 0.680 1.000 0.973 0.787 1.000 0.773 1.000 0.667 0.987 1.000 1.000 1.000 0.813 0.560 0.907 0.467 0.533 0.867 0.533 0.987 0.547 1.000 0.587 0.613 0.800 0.520 0.427 0.987 0.853 0.547 0.827 0.933 0.707 0.867 0.560 0.880 0.747 0.920 0.480 0.827 0.960 0.880 0.427 0.920 0.920 0.987 0.907 0.973 0.987 0.987 1.000 0.960 0.987 1.000 0.600 0.760 0.933 0.973 0.987 0.587 0.987 0.867 0.987 0.827 0.947 0.933 0.840 0.987 0.693 0.987 0.680 0.907 0.827 0.907 1.000 1.000 0.987 1.000 0.800 0.987 0.933 1.000 0.973 1.000 0.627 1.000 1.000 0.907 0.747 1.000 1.000 0.800 0.987 1.000 1.000 ]
Empty labelvectors (predicted) 0    
Label cardinality (predicted)  27.587
Levenshtein distance           0.139


== Additional Measurements (averaged across folds)

Number of training instances   75
Number of test instances       75
Label cardinality (train set)  28.08
Label cardinality (test set)   28.1
Build Time                     0.209
Test Time                      0.036
Total Time                     0.245


Averaging: 0.3919142119913572