== Evaluation Info

Classifier                     Prepare_CC.Base_CC
Options                        [-S, 0, -W, weka.classifiers.trees.J48, --, -C, 0.25, -M, 2]
Additional Info                [128, 34, 105, 140, 114, 117, 77, 132, 160, 10, 111, 76, 70, 25, 42, 31, 30, 96, 35, 72, 52, 7, 173, 125, 158, 26, 99, 46, 55, 47, 116, 24, 6, 108, 104, 18, 5, 11, 106, 29, 148, 61, 16, 32, 142, 134, 101, 78, 45, 123, 107, 2, 171, 37, 21, 23, 53, 153, 131, 149, 157, 43, 110, 66, 119, 144, 71, 83, 112, 33, 167, 38, 27, 98, 73, 130, 90, 54, 147, 103, 109, 58, 164, 74, 135, 172, 56, 88, 28, 122, 57, 12, 121, 3, 40, 102, 100, 15, 41, 91, 126, 94, 63, 92, 152, 87, 20, 44, 93, 141, 162, 19, 68, 124, 154, 136, 163, 133, 146, 75, 120, 127, 150, 13, 159, 170, 60, 67, 82, 86, 155, 1, 168, 39, 97, 81, 62, 95, 36, 161, 139, 79, 50, 85, 138, 137, 80, 48, 69, 14, 118, 115, 59, 89, 129, 9, 0, 113, 166, 65, 51, 8, 22, 156, 169, 165, 17, 64, 4, 49, 84, 143, 145, 151]
Dataset                        CAL500
Number of labels (L)           174
Type                           ML-CV
Threshold                      0.5
Verbosity                      3


== Predictive Performance

Number of test instances (N)   
Accuracy                       0.233
Jaccard index                  0.233
Hamming score                  0.83 
Exact match                    0    
Jaccard distance               0.767
Hamming loss                   0.17 
ZeroOne loss                   1    
Harmonic score                 0.494
One error                      0.248
Rank loss                      0.357
Avg precision                  0.251
Log Loss (lim. L)              0.876
Log Loss (lim. D)              0.79 
F1 (micro averaged)            0.376
F1 (macro averaged by example) 0.373
F1 (macro averaged by label)   0.126
AUPRC (macro averaged)         NaN
AUROC (macro averaged)         NaN
Curve Data                     
Macro Curve Data               
Micro Curve Data               
Label indices                  [     0     1     2     3     4     5     6     7     8     9    10    11    12    13    14    15    16    17    18    19    20    21    22    23    24    25    26    27    28    29    30    31    32    33    34    35    36    37    38    39    40    41    42    43    44    45    46    47    48    49    50    51    52    53    54    55    56    57    58    59    60    61    62    63    64    65    66    67    68    69    70    71    72    73    74    75    76    77    78    79    80    81    82    83    84    85    86    87    88    89    90    91    92    93    94    95    96    97    98    99   100   101   102   103   104   105   106   107   108   109   110   111   112   113   114   115   116   117   118   119   120   121   122   123   124   125   126   127   128   129   130   131   132   133   134   135   136   137   138   139   140   141   142   143   144   145   146   147   148   149   150   151   152   153   154   155   156   157   158   159   160   161   162   163   164   165   166   167   168   169   170   171   172   173 ]
Accuracy (per label)           [ 0.990 0.676 0.667 0.848 1.000 0.543 0.505 0.676 0.590 0.781 0.629 0.819 0.448 0.857 0.743 0.533 0.514 0.924 0.571 0.724 0.629 0.695 0.552 0.600 0.619 0.990 0.457 0.924 0.571 0.819 0.962 0.571 0.657 0.562 0.552 0.590 0.752 0.990 0.981 0.990 0.686 0.981 0.886 0.914 0.981 0.867 0.933 0.924 0.981 1.000 0.971 0.962 0.943 0.752 0.800 0.981 0.981 0.876 0.924 0.990 0.905 0.981 0.886 0.686 0.790 0.695 0.943 0.914 0.981 0.562 0.457 0.962 0.495 0.533 0.867 0.657 0.952 0.990 0.943 0.590 0.990 0.695 0.981 0.905 1.000 0.943 0.752 0.990 0.990 0.895 0.990 0.590 0.886 0.810 0.562 0.705 0.686 0.676 0.752 0.543 0.819 0.543 0.981 0.552 0.962 0.552 0.981 0.581 0.886 0.829 0.990 0.571 0.590 0.648 0.638 0.952 0.762 0.562 0.857 0.933 0.867 0.571 0.981 0.952 0.886 0.876 0.943 0.971 0.876 0.990 0.857 0.990 0.981 0.981 0.971 0.971 0.943 0.981 0.752 0.971 0.990 0.857 0.943 1.000 0.981 1.000 0.971 0.810 0.838 0.810 0.781 1.000 0.990 0.867 0.952 0.952 0.962 0.990 0.990 0.981 0.952 0.933 0.914 0.962 0.962 0.990 0.962 0.933 0.952 0.990 0.876 0.943 0.981 0.971 ]
Empty labelvectors (predicted) 0    
Label cardinality (predicted)  21.295
Levenshtein distance           0.136


== Additional Measurements (averaged across folds)

Number of training instances   105
Number of test instances       105
Label cardinality (train set)  26.029
Label cardinality (test set)   26.024
Build Time                     0.401
Test Time                      0.053
Total Time                     0.455


Averaging: 0.354423982272025