== Evaluation Info

Classifier                     Prepare_CC.Base_CC
Options                        [-S, 0, -W, weka.classifiers.trees.J48, --, -C, 0.25, -M, 2]
Additional Info                [108, 72, 35, 28, 130, 26, 97, 160, 65, 116, 6, 2, 85, 147, 146, 138, 166, 48, 104, 96, 17, 64, 43, 132, 126, 86, 87, 37, 44, 11, 38, 137, 74, 157, 23, 30, 169, 164, 103, 12, 70, 34, 77, 3, 22, 167, 66, 158, 139, 124, 29, 9, 73, 159, 101, 58, 15, 156, 19, 120, 88, 67, 107, 91, 162, 89, 68, 21, 127, 155, 54, 80, 25, 171, 170, 52, 100, 117, 31, 33, 51, 18, 122, 93, 134, 105, 13, 76, 92, 32, 59, 83, 121, 42, 102, 60, 135, 36, 142, 161, 90, 81, 61, 71, 114, 62, 45, 172, 148, 150, 75, 79, 84, 82, 78, 144, 1, 50, 99, 20, 98, 125, 123, 53, 5, 109, 41, 115, 94, 10, 8, 153, 112, 106, 95, 163, 16, 24, 4, 118, 40, 165, 128, 63, 7, 39, 69, 111, 131, 56, 49, 129, 27, 141, 57, 113, 149, 140, 0, 14, 46, 47, 55, 110, 119, 133, 136, 143, 145, 151, 152, 154, 168, 173]
Dataset                        CAL500
Number of labels (L)           174
Type                           ML-CV
Threshold                      0.5
Verbosity                      3


== Predictive Performance

Number of test instances (N)   
Accuracy                       0.227
Jaccard index                  0.227
Hamming score                  0.844
Exact match                    0    
Jaccard distance               0.773
Hamming loss                   0.156
ZeroOne loss                   1    
Harmonic score                 0.487
One error                      0.295
Rank loss                      0.35 
Avg precision                  0.237
Log Loss (lim. L)              0.806
Log Loss (lim. D)              0.712
F1 (micro averaged)            0.364
F1 (macro averaged by example) 0.363
F1 (macro averaged by label)   0.116
AUPRC (macro averaged)         NaN
AUROC (macro averaged)         NaN
Curve Data                     
Macro Curve Data               
Micro Curve Data               
Label indices                  [     0     1     2     3     4     5     6     7     8     9    10    11    12    13    14    15    16    17    18    19    20    21    22    23    24    25    26    27    28    29    30    31    32    33    34    35    36    37    38    39    40    41    42    43    44    45    46    47    48    49    50    51    52    53    54    55    56    57    58    59    60    61    62    63    64    65    66    67    68    69    70    71    72    73    74    75    76    77    78    79    80    81    82    83    84    85    86    87    88    89    90    91    92    93    94    95    96    97    98    99   100   101   102   103   104   105   106   107   108   109   110   111   112   113   114   115   116   117   118   119   120   121   122   123   124   125   126   127   128   129   130   131   132   133   134   135   136   137   138   139   140   141   142   143   144   145   146   147   148   149   150   151   152   153   154   155   156   157   158   159   160   161   162   163   164   165   166   167   168   169   170   171   172   173 ]
Accuracy (per label)           [ 1.000 0.674 0.874 0.558 0.926 0.568 0.600 0.821 0.642 0.621 0.800 0.495 0.611 0.726 1.000 0.379 0.768 0.568 0.474 0.947 0.758 0.589 0.705 0.674 0.505 0.947 0.737 0.789 0.768 0.726 0.695 0.568 0.621 0.768 0.811 0.558 0.663 0.958 0.989 0.968 0.832 0.989 0.968 0.926 0.979 0.968 1.000 1.000 0.979 0.989 0.989 0.989 0.874 0.800 0.937 1.000 0.989 0.968 0.895 0.853 0.926 0.989 0.926 0.821 0.895 0.621 0.958 0.632 0.842 0.579 0.674 0.884 0.526 0.600 0.800 0.737 0.979 0.968 0.937 0.600 0.968 0.737 0.842 0.968 0.916 0.937 0.737 0.979 0.968 0.947 0.926 0.695 0.705 0.958 0.537 0.874 0.611 0.842 0.695 0.768 0.674 0.716 0.758 0.726 0.874 0.442 0.979 0.874 0.663 0.895 1.000 0.579 0.547 0.558 0.789 0.863 0.937 0.526 0.958 1.000 0.926 0.695 0.989 0.979 0.621 0.937 0.916 0.916 0.958 0.989 0.905 0.989 0.989 1.000 0.874 0.916 1.000 0.989 0.800 0.968 0.989 0.968 0.989 1.000 0.989 1.000 0.968 0.937 0.874 0.863 0.916 1.000 1.000 0.905 1.000 0.989 0.979 0.884 0.989 0.989 0.947 0.958 0.989 0.947 0.979 0.989 0.979 0.916 1.000 0.979 0.916 0.989 0.989 1.000 ]
Empty labelvectors (predicted) 0    
Label cardinality (predicted)  19.547
Levenshtein distance           0.129


== Additional Measurements (averaged across folds)

Number of training instances   95
Number of test instances       95
Label cardinality (train set)  23.221
Label cardinality (test set)   23.248
Build Time                     0.345
Test Time                      0.045
Total Time                     0.391


Averaging: 0.35688518506538625