== Evaluation Info

Classifier                     Prepare_CC.Base_CC
Options                        [-S, 0, -W, weka.classifiers.trees.J48, --, -C, 0.25, -M, 2]
Additional Info                [67, 102, 116, 82, 31, 172, 35, 24, 96, 18, 4, 125, 21, 65, 16, 127, 150, 147, 58, 130, 25, 121, 6, 23, 143, 139, 105, 141, 161, 87, 165, 100, 168, 114, 138, 92, 148, 44, 131, 156, 78, 134, 53, 15, 5, 98, 101, 51, 157, 149, 75, 70, 135, 108, 54, 76, 80, 72, 103, 2, 17, 22, 59, 33, 42, 170, 57, 74, 20, 79, 129, 155, 85, 166, 110, 3, 104, 81, 52, 128, 119, 19, 113, 117, 162, 140, 36, 50, 164, 93, 34, 60, 158, 142, 0, 169, 132, 68, 137, 63, 69, 160, 48, 124, 39, 90, 73, 1, 99, 153, 13, 146, 40, 152, 94, 11, 27, 66, 41, 95, 171, 120, 91, 86, 107, 111, 28, 88, 62, 106, 167, 77, 10, 115, 109, 32, 64, 7, 29, 37, 112, 30, 97, 173, 126, 56, 89, 9, 8, 26, 12, 55, 83, 14, 38, 43, 45, 46, 47, 49, 61, 71, 84, 118, 122, 123, 133, 136, 144, 145, 151, 154, 159, 163]
Dataset                        CAL500
Number of labels (L)           174
Type                           ML-CV
Threshold                      0.5
Verbosity                      3


== Predictive Performance

Number of test instances (N)   
Accuracy                       0.309
Jaccard index                  0.309
Hamming score                  0.85 
Exact match                    0    
Jaccard distance               0.691
Hamming loss                   0.15 
ZeroOne loss                   1    
Harmonic score                 0.58 
One error                      0.136
Rank loss                      0.303
Avg precision                  0.321
Log Loss (lim. L)              0.773
Log Loss (lim. D)              0.627
F1 (micro averaged)            0.466
F1 (macro averaged by example) 0.462
F1 (macro averaged by label)   0.124
AUPRC (macro averaged)         NaN
AUROC (macro averaged)         NaN
Curve Data                     
Macro Curve Data               
Micro Curve Data               
Label indices                  [     0     1     2     3     4     5     6     7     8     9    10    11    12    13    14    15    16    17    18    19    20    21    22    23    24    25    26    27    28    29    30    31    32    33    34    35    36    37    38    39    40    41    42    43    44    45    46    47    48    49    50    51    52    53    54    55    56    57    58    59    60    61    62    63    64    65    66    67    68    69    70    71    72    73    74    75    76    77    78    79    80    81    82    83    84    85    86    87    88    89    90    91    92    93    94    95    96    97    98    99   100   101   102   103   104   105   106   107   108   109   110   111   112   113   114   115   116   117   118   119   120   121   122   123   124   125   126   127   128   129   130   131   132   133   134   135   136   137   138   139   140   141   142   143   144   145   146   147   148   149   150   151   152   153   154   155   156   157   158   159   160   161   162   163   164   165   166   167   168   169   170   171   172   173 ]
Accuracy (per label)           [ 0.985 0.833 0.970 0.394 0.939 0.606 0.485 0.939 0.909 0.545 0.985 0.621 0.485 0.848 1.000 0.606 0.939 0.485 0.682 0.924 0.955 0.530 0.561 0.621 0.576 0.924 0.864 0.576 0.879 0.606 0.500 0.924 0.439 0.924 0.606 0.788 0.924 0.924 1.000 0.985 0.833 0.985 0.955 1.000 0.985 1.000 1.000 1.000 0.985 1.000 0.985 0.985 0.727 0.727 0.909 0.985 0.939 0.848 0.682 0.909 0.652 1.000 0.879 0.848 0.924 0.848 0.939 0.545 0.894 0.621 0.667 1.000 0.545 0.909 0.970 0.576 0.909 0.970 0.924 0.500 0.985 0.682 0.985 0.924 1.000 0.894 0.955 0.939 0.985 0.985 0.955 0.758 0.682 0.970 0.515 0.985 0.591 0.985 0.485 0.985 0.485 0.515 0.727 0.833 0.455 0.500 0.924 0.833 0.621 0.833 0.985 0.758 0.636 0.833 0.879 0.727 0.985 0.591 1.000 0.939 0.939 0.864 1.000 1.000 0.727 0.924 0.924 0.803 0.864 0.879 0.909 0.985 0.985 1.000 0.970 0.924 1.000 0.970 0.621 0.985 0.985 0.955 0.924 0.985 1.000 1.000 0.985 0.924 0.864 0.955 0.955 1.000 0.985 0.742 1.000 0.970 0.939 0.985 0.939 1.000 0.985 0.955 0.970 1.000 0.939 0.939 0.970 0.970 0.985 0.970 0.879 0.909 0.970 0.985 ]
Empty labelvectors (predicted) 0    
Label cardinality (predicted)  22.439
Levenshtein distance           0.129


== Additional Measurements (averaged across folds)

Number of training instances   66
Number of test instances       66
Label cardinality (train set)  26.317
Label cardinality (test set)   26.255
Build Time                     0.192
Test Time                      0.031
Total Time                     0.223


Averaging: 0.38637477971710427