== Evaluation Info

Classifier                     Prepare_CC.Base_CC
Options                        [-S, 0, -W, weka.classifiers.trees.J48, --, -C, 0.25, -M, 2]
Additional Info                [11, 116, 146, 47, 77, 24, 105, 161, 46, 16, 103, 14, 106, 120, 167, 50, 142, 108, 18, 131, 30, 89, 69, 123, 59, 166, 90, 83, 126, 145, 7, 74, 125, 21, 99, 64, 141, 70, 61, 122, 156, 101, 5, 4, 25, 94, 53, 49, 57, 31, 6, 104, 97, 91, 85, 82, 63, 100, 133, 110, 95, 17, 20, 113, 102, 151, 60, 23, 2, 109, 157, 81, 159, 139, 147, 155, 164, 148, 55, 12, 163, 117, 107, 98, 72, 92, 66, 13, 15, 79, 149, 58, 8, 35, 127, 118, 3, 84, 73, 114, 86, 26, 135, 54, 33, 75, 19, 0, 150, 140, 134, 144, 9, 71, 10, 67, 29, 96, 34, 1, 93, 45, 65, 112, 76, 121, 170, 28, 138, 36, 39, 51, 38, 52, 111, 152, 62, 153, 40, 27, 115, 41, 22, 32, 37, 42, 43, 44, 48, 56, 68, 78, 80, 87, 88, 119, 124, 128, 129, 130, 132, 136, 137, 143, 154, 158, 160, 162, 165, 168, 169, 171, 172, 173]
Dataset                        CAL500
Number of labels (L)           174
Type                           ML-CV
Threshold                      0.5
Verbosity                      3


== Predictive Performance

Number of test instances (N)   
Accuracy                       0.289
Jaccard index                  0.289
Hamming score                  0.842
Exact match                    0    
Jaccard distance               0.711
Hamming loss                   0.158
ZeroOne loss                   1    
Harmonic score                 0.57 
One error                      0.493
Rank loss                      0.326
Avg precision                  0.298
Log Loss (lim. L)              0.816
Log Loss (lim. D)              0.674
F1 (micro averaged)            0.44 
F1 (macro averaged by example) 0.439
F1 (macro averaged by label)   0.133
AUPRC (macro averaged)         NaN
AUROC (macro averaged)         NaN
Curve Data                     
Macro Curve Data               
Micro Curve Data               
Label indices                  [     0     1     2     3     4     5     6     7     8     9    10    11    12    13    14    15    16    17    18    19    20    21    22    23    24    25    26    27    28    29    30    31    32    33    34    35    36    37    38    39    40    41    42    43    44    45    46    47    48    49    50    51    52    53    54    55    56    57    58    59    60    61    62    63    64    65    66    67    68    69    70    71    72    73    74    75    76    77    78    79    80    81    82    83    84    85    86    87    88    89    90    91    92    93    94    95    96    97    98    99   100   101   102   103   104   105   106   107   108   109   110   111   112   113   114   115   116   117   118   119   120   121   122   123   124   125   126   127   128   129   130   131   132   133   134   135   136   137   138   139   140   141   142   143   144   145   146   147   148   149   150   151   152   153   154   155   156   157   158   159   160   161   162   163   164   165   166   167   168   169   170   171   172   173 ]
Accuracy (per label)           [ 0.775 0.634 0.549 0.901 0.972 0.563 0.972 0.606 0.901 0.507 0.845 0.592 0.662 0.803 0.577 0.817 0.817 0.704 0.958 0.437 0.930 0.606 1.000 0.676 0.775 0.761 0.901 0.620 0.507 0.944 0.915 0.507 1.000 0.732 0.986 0.620 0.592 1.000 0.986 0.986 0.620 0.986 1.000 1.000 1.000 0.986 0.986 0.958 1.000 0.817 0.775 0.944 0.958 0.845 0.986 0.986 1.000 0.915 0.986 0.915 0.986 0.972 0.986 0.831 0.972 0.493 0.986 0.958 1.000 0.521 0.423 0.958 0.676 0.437 0.563 0.775 0.986 0.986 1.000 0.732 1.000 0.972 0.972 0.986 0.972 0.986 0.718 1.000 1.000 0.986 0.986 0.662 0.676 0.803 0.606 0.620 0.873 0.394 0.930 0.549 0.986 0.634 0.775 0.648 0.690 0.437 0.944 0.901 0.563 0.803 0.972 0.563 0.859 0.535 0.690 0.873 0.803 0.493 0.873 1.000 0.958 0.479 0.986 0.775 1.000 0.761 0.901 0.986 1.000 1.000 1.000 0.972 1.000 0.732 0.901 0.901 1.000 1.000 0.831 0.986 0.930 0.930 0.845 1.000 0.972 0.944 0.930 0.704 0.718 0.620 0.746 0.915 0.873 0.930 1.000 0.972 0.986 0.958 1.000 0.972 1.000 0.972 1.000 0.789 0.986 1.000 0.859 0.620 1.000 1.000 0.873 1.000 1.000 1.000 ]
Empty labelvectors (predicted) 0    
Label cardinality (predicted)  23.296
Levenshtein distance           0.136


== Additional Measurements (averaged across folds)

Number of training instances   71
Number of test instances       71
Label cardinality (train set)  25.887
Label cardinality (test set)   25.886
Build Time                     0.224
Test Time                      0.038
Total Time                     0.261


Averaging: 0.3768571517999342