== Evaluation Info

Classifier                     Prepare_CC.Base_CC
Options                        [-S, 0, -W, weka.classifiers.trees.J48, --, -C, 0.25, -M, 2]
Additional Info                [8, 138, 103, 147, 112, 149, 33, 135, 168, 142, 78, 18, 130, 111, 74, 1, 5, 65, 64, 56, 104, 40, 44, 95, 16, 132, 148, 76, 31, 10, 171, 97, 93, 77, 169, 6, 70, 52, 117, 129, 137, 51, 106, 122, 114, 63, 35, 102, 86, 15, 75, 57, 150, 73, 12, 92, 109, 85, 146, 141, 172, 160, 120, 116, 46, 90, 11, 126, 81, 153, 32, 17, 42, 108, 121, 71, 13, 26, 21, 60, 162, 127, 170, 94, 62, 25, 100, 118, 54, 98, 119, 99, 134, 79, 19, 167, 37, 89, 105, 36, 9, 43, 58, 69, 110, 34, 2, 53, 39, 20, 115, 30, 22, 24, 66, 158, 67, 83, 28, 23, 3, 29, 107, 128, 7, 139, 80, 27, 113, 72, 91, 101, 154, 45, 165, 96, 47, 124, 164, 161, 82, 156, 87, 0, 4, 14, 38, 41, 48, 49, 50, 55, 59, 61, 68, 84, 88, 123, 125, 131, 133, 136, 140, 143, 144, 145, 151, 152, 155, 157, 159, 163, 166, 173]
Dataset                        CAL500
Number of labels (L)           174
Type                           ML-CV
Threshold                      0.5
Verbosity                      3


== Predictive Performance

Number of test instances (N)   
Accuracy                       0.26 
Jaccard index                  0.26 
Hamming score                  0.836
Exact match                    0    
Jaccard distance               0.74 
Hamming loss                   0.164
ZeroOne loss                   1    
Harmonic score                 0.535
One error                      0.029
Rank loss                      0.335
Avg precision                  0.271
Log Loss (lim. L)              0.847
Log Loss (lim. D)              0.695
F1 (micro averaged)            0.409
F1 (macro averaged by example) 0.406
F1 (macro averaged by label)   0.118
AUPRC (macro averaged)         NaN
AUROC (macro averaged)         NaN
Curve Data                     
Macro Curve Data               
Micro Curve Data               
Label indices                  [     0     1     2     3     4     5     6     7     8     9    10    11    12    13    14    15    16    17    18    19    20    21    22    23    24    25    26    27    28    29    30    31    32    33    34    35    36    37    38    39    40    41    42    43    44    45    46    47    48    49    50    51    52    53    54    55    56    57    58    59    60    61    62    63    64    65    66    67    68    69    70    71    72    73    74    75    76    77    78    79    80    81    82    83    84    85    86    87    88    89    90    91    92    93    94    95    96    97    98    99   100   101   102   103   104   105   106   107   108   109   110   111   112   113   114   115   116   117   118   119   120   121   122   123   124   125   126   127   128   129   130   131   132   133   134   135   136   137   138   139   140   141   142   143   144   145   146   147   148   149   150   151   152   153   154   155   156   157   158   159   160   161   162   163   164   165   166   167   168   169   170   171   172   173 ]
Accuracy (per label)           [ 1.000 0.971 0.957 0.420 1.000 0.681 0.493 0.971 0.536 0.768 0.768 0.609 0.449 0.870 1.000 0.551 0.594 0.507 0.551 0.957 0.623 0.696 0.536 0.696 0.551 0.986 0.609 0.768 0.870 0.623 0.696 0.551 0.594 0.855 0.565 0.783 0.812 0.957 1.000 0.971 0.768 1.000 0.841 0.884 0.957 0.986 0.942 0.957 1.000 1.000 1.000 0.971 0.739 0.797 0.812 1.000 0.957 0.913 0.783 1.000 0.754 1.000 0.928 0.783 0.754 0.870 0.870 0.580 1.000 0.681 0.565 0.986 0.420 0.638 0.971 0.638 0.928 0.986 0.971 0.536 0.986 0.609 0.986 0.957 1.000 0.855 0.913 0.971 1.000 0.986 0.899 0.522 0.768 0.986 0.493 0.971 0.536 0.986 0.536 0.754 0.449 0.464 0.913 0.435 0.725 0.623 0.971 0.710 0.652 0.826 0.986 0.754 0.478 0.754 0.783 0.928 0.942 0.493 0.971 0.971 0.942 0.652 0.986 1.000 0.696 1.000 0.986 0.870 0.870 0.942 0.754 1.000 0.971 1.000 0.986 0.870 1.000 0.971 0.478 0.971 1.000 0.913 0.942 1.000 1.000 1.000 0.986 0.986 0.855 0.855 0.855 1.000 1.000 0.826 0.986 1.000 0.899 1.000 0.971 1.000 0.971 0.942 0.870 1.000 0.913 0.986 1.000 0.971 0.957 0.986 0.899 0.870 0.971 1.000 ]
Empty labelvectors (predicted) 0    
Label cardinality (predicted)  22.493
Levenshtein distance           0.135


== Additional Measurements (averaged across folds)

Number of training instances   69
Number of test instances       69
Label cardinality (train set)  25.84
Label cardinality (test set)   25.793
Build Time                     0.216
Test Time                      0.037
Total Time                     0.254


Averaging: 0.36514295238349354