== Evaluation Info

Classifier                     Prepare_CC.Base_CC
Options                        [-S, 0, -W, weka.classifiers.trees.J48, --, -C, 0.25, -M, 2]
Additional Info                [19, 172, 52, 95, 65, 68, 25, 155, 108, 12, 48, 157, 43, 13, 16, 79, 137, 23, 18, 69, 99, 121, 39, 4, 1, 128, 141, 20, 80, 7, 35, 63, 101, 17, 127, 27, 53, 67, 78, 0, 160, 96, 102, 40, 34, 85, 57, 120, 61, 22, 32, 72, 98, 118, 70, 163, 8, 75, 50, 159, 73, 3, 84, 114, 83, 49, 134, 135, 94, 88, 109, 97, 93, 116, 164, 60, 130, 117, 14, 132, 89, 11, 170, 167, 139, 38, 153, 119, 33, 138, 147, 74, 140, 122, 125, 161, 58, 6, 37, 31, 158, 64, 129, 30, 105, 71, 9, 2, 145, 112, 62, 144, 166, 59, 146, 66, 149, 111, 54, 91, 10, 82, 45, 24, 86, 169, 28, 21, 148, 106, 104, 113, 81, 36, 56, 92, 5, 103, 123, 124, 77, 26, 29, 115, 107, 44, 100, 143, 42, 87, 150, 15, 41, 46, 47, 51, 55, 76, 90, 110, 126, 131, 133, 136, 142, 151, 152, 154, 156, 162, 165, 168, 171, 173]
Dataset                        CAL500
Number of labels (L)           174
Type                           ML-CV
Threshold                      0.5
Verbosity                      3


== Predictive Performance

Number of test instances (N)   
Accuracy                       0.205
Jaccard index                  0.205
Hamming score                  0.838
Exact match                    0    
Jaccard distance               0.795
Hamming loss                   0.162
ZeroOne loss                   1    
Harmonic score                 0.463
One error                      0.467
Rank loss                      0.359
Avg precision                  0.216
Log Loss (lim. L)              0.836
Log Loss (lim. D)              0.699
F1 (micro averaged)            0.336
F1 (macro averaged by example) 0.335
F1 (macro averaged by label)   0.113
AUPRC (macro averaged)         NaN
AUROC (macro averaged)         NaN
Curve Data                     
Macro Curve Data               
Micro Curve Data               
Label indices                  [     0     1     2     3     4     5     6     7     8     9    10    11    12    13    14    15    16    17    18    19    20    21    22    23    24    25    26    27    28    29    30    31    32    33    34    35    36    37    38    39    40    41    42    43    44    45    46    47    48    49    50    51    52    53    54    55    56    57    58    59    60    61    62    63    64    65    66    67    68    69    70    71    72    73    74    75    76    77    78    79    80    81    82    83    84    85    86    87    88    89    90    91    92    93    94    95    96    97    98    99   100   101   102   103   104   105   106   107   108   109   110   111   112   113   114   115   116   117   118   119   120   121   122   123   124   125   126   127   128   129   130   131   132   133   134   135   136   137   138   139   140   141   142   143   144   145   146   147   148   149   150   151   152   153   154   155   156   157   158   159   160   161   162   163   164   165   166   167   168   169   170   171   172   173 ]
Accuracy (per label)           [ 0.973 0.560 0.800 0.640 0.920 0.467 0.680 0.653 0.747 0.533 0.773 0.467 0.533 0.720 0.867 0.467 0.827 0.600 0.613 0.707 0.813 0.453 0.827 0.560 0.667 0.760 0.813 0.587 0.653 0.813 0.827 0.547 0.800 0.680 0.853 0.640 0.600 0.947 0.987 0.987 0.760 1.000 0.960 0.973 0.987 0.987 1.000 1.000 0.987 0.987 0.973 1.000 0.933 0.813 0.987 1.000 0.987 0.973 0.920 0.813 0.947 0.960 0.960 0.867 0.960 0.693 0.960 0.773 0.840 0.560 0.667 0.893 0.507 0.480 0.707 0.707 1.000 0.973 0.907 0.453 0.960 0.800 0.867 0.973 0.907 0.973 0.707 0.960 0.933 0.960 1.000 0.760 0.613 0.920 0.600 0.800 0.640 0.760 0.827 0.600 0.827 0.653 0.680 0.573 0.867 0.467 0.973 0.920 0.653 0.893 1.000 0.480 0.520 0.693 0.733 0.853 0.907 0.467 0.960 0.987 0.853 0.600 0.947 0.987 0.840 0.947 1.000 0.960 0.987 0.987 0.920 1.000 0.987 1.000 0.787 0.920 1.000 0.987 0.693 0.987 0.987 0.987 1.000 0.987 0.987 0.987 0.960 0.907 0.867 0.840 0.840 1.000 1.000 0.960 1.000 0.987 1.000 0.867 0.987 0.987 0.987 0.960 1.000 0.840 0.973 1.000 0.920 0.827 1.000 0.987 0.933 1.000 0.987 1.000 ]
Empty labelvectors (predicted) 0    
Label cardinality (predicted)  19.613
Levenshtein distance           0.131


== Additional Measurements (averaged across folds)

Number of training instances   75
Number of test instances       75
Label cardinality (train set)  22.867
Label cardinality (test set)   22.914
Build Time                     0.236
Test Time                      0.04 
Total Time                     0.276


Averaging: 0.34772088764037984