== Evaluation Info

Classifier                     Prepare_CC.Base_CC
Options                        [-S, 0, -W, weka.classifiers.trees.J48, --, -C, 0.25, -M, 2]
Additional Info                [136, 14, 83, 80, 117, 112, 158, 50, 84, 127, 5, 86, 108, 42, 31, 96, 20, 119, 47, 88, 21, 32, 125, 147, 76, 161, 153, 105, 131, 72, 15, 29, 24, 26, 53, 81, 170, 74, 106, 104, 85, 70, 25, 60, 36, 93, 135, 66, 165, 12, 6, 167, 113, 128, 173, 91, 54, 58, 35, 148, 172, 16, 123, 13, 87, 75, 45, 55, 78, 62, 107, 71, 94, 33, 137, 163, 40, 22, 39, 34, 154, 95, 118, 46, 63, 57, 102, 130, 99, 1, 4, 150, 116, 7, 142, 28, 10, 18, 166, 23, 67, 89, 120, 79, 103, 151, 114, 138, 64, 3, 59, 19, 65, 2, 134, 92, 98, 141, 111, 133, 8, 73, 164, 139, 157, 97, 48, 122, 69, 101, 121, 49, 162, 109, 0, 9, 11, 17, 27, 30, 37, 38, 41, 43, 44, 51, 52, 56, 61, 68, 77, 82, 90, 100, 110, 115, 124, 126, 129, 132, 140, 143, 144, 145, 146, 149, 152, 155, 156, 159, 160, 168, 169, 171]
Dataset                        CAL500
Number of labels (L)           174
Type                           ML-CV
Threshold                      0.5
Verbosity                      3


== Predictive Performance

Number of test instances (N)   
Accuracy                       0.32 
Jaccard index                  0.32 
Hamming score                  0.84 
Exact match                    0    
Jaccard distance               0.68 
Hamming loss                   0.16 
ZeroOne loss                   1    
Harmonic score                 0.61 
One error                      0.25 
Rank loss                      0.304
Avg precision                  0.332
Log Loss (lim. L)              0.823
Log Loss (lim. D)              0.653
F1 (micro averaged)            0.483
F1 (macro averaged by example) 0.48 
F1 (macro averaged by label)   0.134
AUPRC (macro averaged)         NaN
AUROC (macro averaged)         NaN
Curve Data                     
Macro Curve Data               
Micro Curve Data               
Label indices                  [     0     1     2     3     4     5     6     7     8     9    10    11    12    13    14    15    16    17    18    19    20    21    22    23    24    25    26    27    28    29    30    31    32    33    34    35    36    37    38    39    40    41    42    43    44    45    46    47    48    49    50    51    52    53    54    55    56    57    58    59    60    61    62    63    64    65    66    67    68    69    70    71    72    73    74    75    76    77    78    79    80    81    82    83    84    85    86    87    88    89    90    91    92    93    94    95    96    97    98    99   100   101   102   103   104   105   106   107   108   109   110   111   112   113   114   115   116   117   118   119   120   121   122   123   124   125   126   127   128   129   130   131   132   133   134   135   136   137   138   139   140   141   142   143   144   145   146   147   148   149   150   151   152   153   154   155   156   157   158   159   160   161   162   163   164   165   166   167   168   169   170   171   172   173 ]
Accuracy (per label)           [ 1.000 0.650 0.517 0.983 0.967 0.617 0.867 0.600 0.500 1.000 0.533 1.000 0.633 0.850 0.467 0.983 0.717 1.000 0.917 0.550 0.517 0.967 0.683 0.483 0.400 0.900 0.567 1.000 0.517 0.983 1.000 0.817 0.867 0.500 0.767 0.500 0.800 1.000 1.000 0.917 0.483 1.000 0.983 1.000 1.000 0.933 0.983 0.867 0.933 0.983 0.983 1.000 1.000 0.933 0.800 0.967 1.000 0.983 0.983 0.967 0.917 1.000 0.950 0.717 0.733 0.617 0.983 0.883 1.000 0.500 0.400 0.950 0.617 0.567 0.817 0.767 0.983 1.000 0.817 0.750 0.983 0.717 1.000 0.817 0.967 0.983 0.700 0.983 0.833 0.667 1.000 0.600 0.983 0.850 0.633 0.467 0.983 0.533 0.833 0.600 1.000 0.500 0.983 0.700 0.983 0.433 0.933 0.450 0.983 0.900 1.000 0.467 0.617 0.650 0.400 1.000 0.550 0.550 0.600 0.983 0.717 0.517 0.867 0.733 1.000 0.833 1.000 0.983 0.967 1.000 0.967 0.900 1.000 0.983 0.983 0.900 0.950 0.917 0.883 0.933 1.000 0.850 0.967 1.000 1.000 1.000 1.000 0.667 0.717 1.000 0.617 0.983 1.000 0.967 0.917 1.000 1.000 0.983 0.917 1.000 1.000 0.917 0.967 0.950 0.983 0.983 0.983 0.933 1.000 1.000 0.883 1.000 0.950 0.967 ]
Empty labelvectors (predicted) 0    
Label cardinality (predicted)  25.483
Levenshtein distance           0.139


== Additional Measurements (averaged across folds)

Number of training instances   60
Number of test instances       60
Label cardinality (train set)  28.217
Label cardinality (test set)   28.217
Build Time                     0.163
Test Time                      0.033
Total Time                     0.196


Averaging: 0.38696660385166254