== Evaluation Info

Classifier                     Prepare_CC.Base_CC
Options                        [-S, 0, -W, weka.classifiers.trees.J48, --, -C, 0.25, -M, 2]
Additional Info                [2, 172, 34, 93, 167, 49, 65, 116, 16, 10, 171, 50, 123, 19, 95, 35, 52, 163, 57, 89, 14, 126, 24, 7, 101, 15, 22, 138, 85, 148, 113, 108, 3, 55, 72, 107, 143, 30, 47, 88, 98, 18, 67, 83, 43, 62, 173, 120, 48, 66, 117, 155, 105, 165, 149, 115, 130, 118, 140, 156, 46, 76, 29, 122, 1, 45, 31, 91, 53, 69, 145, 36, 161, 64, 74, 125, 17, 151, 70, 84, 131, 41, 124, 157, 111, 75, 5, 20, 150, 0, 68, 27, 102, 9, 86, 119, 78, 168, 42, 137, 100, 40, 141, 4, 112, 139, 73, 146, 87, 26, 59, 164, 92, 114, 44, 56, 28, 38, 54, 103, 99, 152, 61, 142, 58, 170, 147, 144, 21, 121, 71, 94, 109, 51, 23, 81, 82, 110, 8, 104, 166, 136, 133, 132, 135, 153, 79, 106, 13, 159, 97, 33, 134, 25, 162, 11, 63, 96, 12, 6, 32, 37, 39, 60, 77, 80, 90, 127, 128, 129, 154, 158, 160, 169]
Dataset                        CAL500
Number of labels (L)           174
Type                           ML-CV
Threshold                      0.5
Verbosity                      3


== Predictive Performance

Number of test instances (N)   
Accuracy                       0.263
Jaccard index                  0.263
Hamming score                  0.831
Exact match                    0    
Jaccard distance               0.737
Hamming loss                   0.169
ZeroOne loss                   1    
Harmonic score                 0.536
One error                      0.552
Rank loss                      0.345
Avg precision                  0.277
Log Loss (lim. L)              0.873
Log Loss (lim. D)              0.787
F1 (micro averaged)            0.412
F1 (macro averaged by example) 0.408
F1 (macro averaged by label)   0.126
AUPRC (macro averaged)         NaN
AUROC (macro averaged)         NaN
Curve Data                     
Macro Curve Data               
Micro Curve Data               
Label indices                  [     0     1     2     3     4     5     6     7     8     9    10    11    12    13    14    15    16    17    18    19    20    21    22    23    24    25    26    27    28    29    30    31    32    33    34    35    36    37    38    39    40    41    42    43    44    45    46    47    48    49    50    51    52    53    54    55    56    57    58    59    60    61    62    63    64    65    66    67    68    69    70    71    72    73    74    75    76    77    78    79    80    81    82    83    84    85    86    87    88    89    90    91    92    93    94    95    96    97    98    99   100   101   102   103   104   105   106   107   108   109   110   111   112   113   114   115   116   117   118   119   120   121   122   123   124   125   126   127   128   129   130   131   132   133   134   135   136   137   138   139   140   141   142   143   144   145   146   147   148   149   150   151   152   153   154   155   156   157   158   159   160   161   162   163   164   165   166   167   168   169   170   171   172   173 ]
Accuracy (per label)           [ 0.743 0.514 0.505 0.990 0.962 0.533 1.000 0.543 0.676 0.543 0.562 0.629 0.686 0.733 0.552 0.933 0.524 0.790 0.981 0.638 0.752 0.590 0.943 0.495 0.743 0.800 0.629 0.676 0.495 0.952 0.971 0.505 1.000 0.648 0.952 0.533 0.676 1.000 0.943 1.000 0.705 0.990 0.990 0.990 0.990 0.733 0.981 0.943 0.990 0.848 0.876 0.990 0.990 0.933 0.952 0.990 0.981 0.962 0.981 0.762 1.000 0.790 0.962 0.714 0.971 0.543 0.971 0.990 0.914 0.552 0.457 0.724 0.514 0.648 0.752 0.781 0.981 1.000 0.981 0.610 1.000 0.857 0.886 0.952 0.771 0.981 0.438 0.990 0.990 0.981 1.000 0.419 0.905 0.829 0.524 0.590 0.952 0.448 0.990 0.848 0.990 0.571 0.886 0.495 0.781 0.543 0.990 0.752 0.800 0.895 0.990 0.600 0.781 0.438 0.790 0.943 0.610 0.543 0.695 0.971 0.914 0.495 0.943 0.771 0.990 0.867 0.933 1.000 1.000 1.000 0.962 0.981 0.990 0.790 0.790 0.905 0.914 0.990 0.914 0.990 0.914 0.876 0.876 0.990 0.790 0.952 0.962 0.638 0.867 0.810 0.914 0.914 0.933 0.990 1.000 0.981 0.990 0.810 1.000 0.800 1.000 0.876 0.981 0.876 0.990 0.990 0.905 0.800 0.962 1.000 0.933 0.971 0.952 0.981 ]
Empty labelvectors (predicted) 0    
Label cardinality (predicted)  23.59
Levenshtein distance           0.142


== Additional Measurements (averaged across folds)

Number of training instances   105
Number of test instances       105
Label cardinality (train set)  26.428
Label cardinality (test set)   26.407
Build Time                     0.405
Test Time                      0.055
Total Time                     0.459


Averaging: 0.3645815068451876