== Evaluation Info

Classifier                     Prepare_CC.Base_CC
Options                        [-S, 0, -W, weka.classifiers.trees.J48, --, -C, 0.25, -M, 2]
Additional Info                [100, 173, 151, 12, 156, 150, 122, 2, 61, 70, 33, 93, 28, 159, 24, 66, 104, 50, 166, 58, 73, 147, 97, 42, 13, 51, 170, 82, 47, 106, 169, 35, 119, 36, 87, 136, 91, 15, 63, 60, 49, 157, 6, 120, 40, 160, 148, 57, 96, 134, 145, 56, 102, 68, 163, 165, 99, 154, 92, 18, 80, 17, 94, 172, 39, 71, 129, 109, 105, 98, 37, 7, 128, 116, 126, 67, 75, 78, 4, 5, 52, 41, 43, 153, 164, 125, 27, 54, 107, 140, 162, 144, 138, 69, 19, 111, 142, 20, 135, 44, 38, 133, 31, 64, 29, 83, 0, 23, 103, 124, 114, 16, 10, 108, 85, 76, 143, 59, 21, 46, 45, 1, 55, 77, 158, 132, 9, 88, 113, 112, 79, 72, 161, 155, 32, 146, 117, 48, 167, 131, 65, 130, 8, 127, 118, 34, 89, 121, 123, 141, 26, 86, 84, 25, 139, 3, 101, 95, 74, 14, 11, 30, 22, 53, 90, 81, 115, 137, 149, 62, 110, 152, 168, 171]
Dataset                        CAL500
Number of labels (L)           174
Type                           ML-CV
Threshold                      0.5
Verbosity                      3


== Predictive Performance

Number of test instances (N)   
Accuracy                       0.231
Jaccard index                  0.231
Hamming score                  0.835
Exact match                    0    
Jaccard distance               0.769
Hamming loss                   0.165
ZeroOne loss                   1    
Harmonic score                 0.489
One error                      0.453
Rank loss                      0.358
Avg precision                  0.248
Log Loss (lim. L)              0.852
Log Loss (lim. D)              0.828
F1 (micro averaged)            0.371
F1 (macro averaged by example) 0.367
F1 (macro averaged by label)   0.124
AUPRC (macro averaged)         NaN
AUROC (macro averaged)         NaN
Curve Data                     
Macro Curve Data               
Micro Curve Data               
Label indices                  [     0     1     2     3     4     5     6     7     8     9    10    11    12    13    14    15    16    17    18    19    20    21    22    23    24    25    26    27    28    29    30    31    32    33    34    35    36    37    38    39    40    41    42    43    44    45    46    47    48    49    50    51    52    53    54    55    56    57    58    59    60    61    62    63    64    65    66    67    68    69    70    71    72    73    74    75    76    77    78    79    80    81    82    83    84    85    86    87    88    89    90    91    92    93    94    95    96    97    98    99   100   101   102   103   104   105   106   107   108   109   110   111   112   113   114   115   116   117   118   119   120   121   122   123   124   125   126   127   128   129   130   131   132   133   134   135   136   137   138   139   140   141   142   143   144   145   146   147   148   149   150   151   152   153   154   155   156   157   158   159   160   161   162   163   164   165   166   167   168   169   170   171   172   173 ]
Accuracy (per label)           [ 0.973 0.493 0.553 0.813 0.960 0.593 0.747 0.600 0.587 0.707 0.540 0.687 0.560 0.753 0.653 0.680 0.573 0.793 0.767 0.620 0.700 0.653 0.793 0.580 0.487 0.927 0.540 0.820 0.567 0.793 0.887 0.500 0.820 0.600 0.853 0.587 0.680 0.987 0.993 0.933 0.627 0.987 0.980 0.980 0.993 0.967 0.993 0.967 0.973 0.987 0.967 0.993 0.973 0.800 0.907 0.987 0.993 0.967 0.947 0.847 0.973 0.993 0.933 0.727 0.880 0.553 0.967 0.827 0.873 0.547 0.593 0.947 0.673 0.533 0.713 0.720 0.980 0.967 0.927 0.687 0.980 0.833 0.913 0.953 0.893 0.967 0.713 0.973 0.953 0.907 0.993 0.487 0.800 0.907 0.493 0.640 0.773 0.693 0.813 0.560 0.847 0.687 0.820 0.560 0.920 0.440 0.967 0.747 0.820 0.880 1.000 0.460 0.673 0.673 0.560 0.920 0.713 0.547 0.847 0.993 0.860 0.560 0.960 0.927 0.873 0.940 0.973 0.973 0.967 0.993 0.953 0.980 0.993 0.980 0.940 0.953 0.987 0.993 0.807 0.973 0.987 0.940 0.960 0.993 0.993 0.987 0.980 0.813 0.767 0.893 0.693 0.993 1.000 0.900 0.993 0.993 0.993 0.880 0.993 0.993 0.987 0.920 0.980 0.867 0.973 0.987 0.940 0.913 1.000 0.987 0.887 1.000 0.980 0.980 ]
Empty labelvectors (predicted) 0    
Label cardinality (predicted)  20.82
Levenshtein distance           0.135


== Additional Measurements (averaged across folds)

Number of training instances   150
Number of test instances       150
Label cardinality (train set)  24.913
Label cardinality (test set)   24.913
Build Time                     0.75 
Test Time                      0.076
Total Time                     0.826


Averaging: 0.35534135396221694