== Evaluation Info

Classifier                     Prepare_CC.Base_CC
Options                        [-S, 0, -W, weka.classifiers.trees.J48, --, -C, 0.25, -M, 2]
Additional Info                [120, 152, 116, 15, 70, 149, 142, 27, 87, 99, 100, 30, 41, 2, 1, 102, 122, 101, 108, 21, 163, 74, 65, 133, 138, 114, 90, 151, 104, 170, 60, 17, 82, 119, 36, 13, 98, 166, 135, 81, 113, 25, 124, 148, 51, 103, 150, 31, 14, 24, 134, 63, 75, 64, 6, 158, 79, 127, 126, 107, 121, 19, 37, 0, 10, 11, 86, 136, 50, 92, 66, 115, 125, 111, 40, 52, 123, 4, 29, 97, 49, 5, 94, 131, 71, 146, 118, 112, 95, 105, 144, 140, 167, 128, 9, 67, 171, 61, 72, 106, 91, 12, 3, 68, 130, 145, 93, 141, 59, 143, 147, 110, 84, 109, 23, 57, 96, 157, 69, 45, 35, 117, 7, 46, 164, 42, 159, 28, 137, 73, 33, 8, 16, 18, 20, 22, 26, 32, 34, 38, 39, 43, 44, 47, 48, 53, 54, 55, 56, 58, 62, 76, 77, 78, 80, 83, 85, 88, 89, 129, 132, 139, 153, 154, 155, 156, 160, 161, 162, 165, 168, 169, 172, 173]
Dataset                        CAL500
Number of labels (L)           174
Type                           ML-CV
Threshold                      0.5
Verbosity                      3


== Predictive Performance

Number of test instances (N)   
Accuracy                       0.353
Jaccard index                  0.353
Hamming score                  0.843
Exact match                    0    
Jaccard distance               0.647
Hamming loss                   0.157
ZeroOne loss                   1    
Harmonic score                 0.642
One error                      0.603
Rank loss                      0.304
Avg precision                  0.363
Log Loss (lim. L)              0.81 
Log Loss (lim. D)              0.638
F1 (micro averaged)            0.518
F1 (macro averaged by example) 0.51 
F1 (macro averaged by label)   0.151
AUPRC (macro averaged)         NaN
AUROC (macro averaged)         NaN
Curve Data                     
Macro Curve Data               
Micro Curve Data               
Label indices                  [     0     1     2     3     4     5     6     7     8     9    10    11    12    13    14    15    16    17    18    19    20    21    22    23    24    25    26    27    28    29    30    31    32    33    34    35    36    37    38    39    40    41    42    43    44    45    46    47    48    49    50    51    52    53    54    55    56    57    58    59    60    61    62    63    64    65    66    67    68    69    70    71    72    73    74    75    76    77    78    79    80    81    82    83    84    85    86    87    88    89    90    91    92    93    94    95    96    97    98    99   100   101   102   103   104   105   106   107   108   109   110   111   112   113   114   115   116   117   118   119   120   121   122   123   124   125   126   127   128   129   130   131   132   133   134   135   136   137   138   139   140   141   142   143   144   145   146   147   148   149   150   151   152   153   154   155   156   157   158   159   160   161   162   163   164   165   166   167   168   169   170   171   172   173 ]
Accuracy (per label)           [ 0.517 0.759 0.517 0.828 0.724 0.638 0.966 0.707 1.000 0.586 0.983 0.793 0.655 0.741 0.448 0.776 1.000 0.552 1.000 0.724 1.000 0.690 1.000 0.931 0.983 0.483 1.000 0.672 0.483 0.983 0.776 0.552 1.000 0.845 1.000 0.741 0.483 0.966 1.000 1.000 0.810 0.983 0.983 1.000 1.000 0.983 0.966 1.000 1.000 0.552 0.759 0.966 0.983 1.000 1.000 1.000 1.000 0.983 1.000 0.672 0.862 0.948 1.000 0.983 0.983 0.552 0.983 0.845 0.845 0.845 0.534 0.741 0.552 0.690 0.517 0.862 1.000 1.000 1.000 0.655 1.000 0.897 0.724 1.000 0.655 1.000 0.655 0.983 1.000 1.000 0.983 0.914 0.483 0.828 0.603 0.534 0.793 0.517 0.966 0.483 0.966 0.759 0.603 0.914 0.603 0.466 0.966 0.948 0.534 0.828 0.966 0.621 0.638 0.603 0.948 0.690 0.931 0.466 0.810 0.931 0.828 0.534 0.741 0.948 0.966 0.948 0.948 0.983 0.983 1.000 0.948 0.983 1.000 0.569 0.776 0.966 0.983 0.983 0.741 1.000 0.914 0.983 0.759 0.948 0.966 0.741 0.983 0.724 0.966 0.621 0.897 0.879 0.862 1.000 1.000 1.000 1.000 0.724 0.983 0.966 1.000 1.000 1.000 0.672 0.983 1.000 0.914 0.845 1.000 1.000 0.793 0.983 1.000 1.000 ]
Empty labelvectors (predicted) 0    
Label cardinality (predicted)  27.948
Levenshtein distance           0.139


== Additional Measurements (averaged across folds)

Number of training instances   58
Number of test instances       58
Label cardinality (train set)  28.69
Label cardinality (test set)   28.707
Build Time                     0.135
Test Time                      0.029
Total Time                     0.164


Averaging: 0.39850230061859476