== Evaluation Info

Classifier                     Prepare_CC.Base_CC
Options                        [-S, 0, -W, weka.classifiers.trees.J48, --, -C, 0.25, -M, 2]
Additional Info                [29, 165, 142, 32, 62, 71, 59, 9, 158, 152, 25, 122, 75, 148, 125, 79, 132, 86, 116, 118, 34, 105, 129, 13, 39, 110, 4, 44, 31, 121, 60, 156, 93, 166, 164, 134, 147, 21, 36, 104, 138, 38, 120, 52, 83, 6, 117, 96, 173, 68, 155, 7, 168, 18, 46, 22, 111, 12, 103, 27, 160, 33, 169, 74, 89, 66, 28, 53, 8, 140, 112, 3, 114, 88, 1, 55, 48, 141, 69, 97, 73, 124, 113, 64, 81, 92, 47, 149, 98, 45, 23, 77, 65, 91, 94, 128, 76, 24, 43, 109, 72, 146, 153, 17, 139, 87, 106, 137, 108, 63, 101, 135, 100, 90, 51, 162, 41, 150, 35, 131, 95, 130, 99, 126, 127, 5, 115, 80, 54, 37, 85, 58, 19, 10, 67, 16, 20, 157, 167, 30, 82, 15, 42, 14, 56, 2, 171, 119, 102, 107, 170, 40, 154, 163, 50, 26, 172, 161, 57, 70, 136, 11, 78, 0, 49, 61, 84, 123, 133, 143, 144, 145, 151, 159]
Dataset                        CAL500
Number of labels (L)           174
Type                           ML-CV
Threshold                      0.5
Verbosity                      3


== Predictive Performance

Number of test instances (N)   
Accuracy                       0.276
Jaccard index                  0.276
Hamming score                  0.839
Exact match                    0    
Jaccard distance               0.724
Hamming loss                   0.161
ZeroOne loss                   1    
Harmonic score                 0.553
One error                      0.103
Rank loss                      0.334
Avg precision                  0.287
Log Loss (lim. L)              0.829
Log Loss (lim. D)              0.777
F1 (micro averaged)            0.429
F1 (macro averaged by example) 0.425
F1 (macro averaged by label)   0.147
AUPRC (macro averaged)         NaN
AUROC (macro averaged)         NaN
Curve Data                     
Macro Curve Data               
Micro Curve Data               
Label indices                  [     0     1     2     3     4     5     6     7     8     9    10    11    12    13    14    15    16    17    18    19    20    21    22    23    24    25    26    27    28    29    30    31    32    33    34    35    36    37    38    39    40    41    42    43    44    45    46    47    48    49    50    51    52    53    54    55    56    57    58    59    60    61    62    63    64    65    66    67    68    69    70    71    72    73    74    75    76    77    78    79    80    81    82    83    84    85    86    87    88    89    90    91    92    93    94    95    96    97    98    99   100   101   102   103   104   105   106   107   108   109   110   111   112   113   114   115   116   117   118   119   120   121   122   123   124   125   126   127   128   129   130   131   132   133   134   135   136   137   138   139   140   141   142   143   144   145   146   147   148   149   150   151   152   153   154   155   156   157   158   159   160   161   162   163   164   165   166   167   168   169   170   171   172   173 ]
Accuracy (per label)           [ 1.000 0.889 0.905 0.524 0.992 0.659 0.532 0.968 0.698 0.627 0.857 0.556 0.452 0.889 0.968 0.571 0.706 0.603 0.500 0.952 0.754 0.556 0.579 0.730 0.548 0.992 0.667 0.778 0.722 0.667 0.706 0.611 0.595 0.849 0.587 0.754 0.786 0.976 0.976 0.984 0.802 0.984 0.921 0.897 0.968 0.984 0.968 0.976 0.992 1.000 0.992 0.968 0.841 0.746 0.897 0.984 0.976 0.897 0.778 0.968 0.833 1.000 0.833 0.738 0.849 0.762 0.976 0.746 0.984 0.595 0.706 0.976 0.563 0.762 0.960 0.643 0.984 0.992 0.952 0.611 0.984 0.556 0.984 0.889 1.000 0.921 0.905 0.984 0.992 0.937 0.952 0.500 0.619 0.905 0.500 0.960 0.571 0.905 0.524 0.833 0.563 0.468 0.825 0.548 0.746 0.492 0.976 0.683 0.722 0.825 0.984 0.778 0.524 0.817 0.778 0.937 0.929 0.508 0.944 0.905 0.905 0.635 0.992 1.000 0.698 0.889 0.976 0.921 0.794 0.960 0.889 0.992 0.968 1.000 0.984 0.952 0.976 0.984 0.540 0.952 0.992 0.881 0.873 1.000 1.000 1.000 0.984 0.865 0.706 0.857 0.881 1.000 0.992 0.794 0.968 0.960 0.921 0.992 0.952 1.000 0.905 0.937 0.913 0.984 0.984 0.976 0.976 0.952 0.968 0.984 0.913 0.905 0.984 0.984 ]
Empty labelvectors (predicted) 0    
Label cardinality (predicted)  22.905
Levenshtein distance           0.134


== Additional Measurements (averaged across folds)

Number of training instances   126
Number of test instances       126
Label cardinality (train set)  26.103
Label cardinality (test set)   26.086
Build Time                     0.591
Test Time                      0.062
Total Time                     0.653


Averaging: 0.3718879578208059