== Evaluation Info

Classifier                     Prepare_CC.Base_CC
Options                        [-S, 0, -W, weka.classifiers.trees.J48, --, -C, 0.25, -M, 2]
Additional Info                [62, 14, 25, 33, 102, 121, 104, 16, 3, 141, 82, 70, 30, 148, 6, 73, 128, 24, 72, 81, 140, 91, 124, 50, 13, 99, 100, 106, 112, 117, 18, 146, 142, 134, 79, 44, 48, 92, 130, 23, 19, 36, 59, 133, 93, 135, 66, 55, 77, 131, 17, 0, 65, 139, 138, 53, 109, 52, 34, 147, 110, 87, 1, 111, 129, 126, 95, 47, 137, 123, 68, 40, 118, 69, 51, 20, 60, 78, 5, 83, 46, 90, 71, 35, 114, 76, 7, 150, 108, 8, 94, 10, 101, 103, 9, 21, 57, 31, 144, 89, 27, 116, 2, 12, 107, 122, 43, 115, 113, 45, 119, 32, 98, 56, 85, 136, 149, 125, 105, 74, 15, 96, 61, 88, 151, 120, 41, 127, 29, 80, 132, 37, 54, 64, 86, 49, 63, 42, 67, 26, 22, 143, 58, 39, 28, 75, 84, 38, 97, 11, 4, 145]
Dataset                        CAL500
Number of labels (L)           152
Type                           ML-CV
Threshold                      0.5
Verbosity                      3


== Predictive Performance

Number of test instances (N)   
Accuracy                       0.32 
Jaccard index                  0.32 
Hamming score                  0.828
Exact match                    0    
Jaccard distance               0.68 
Hamming loss                   0.172
ZeroOne loss                   1    
Harmonic score                 0.608
One error                      0.082
Rank loss                      0.301
Avg precision                  0.338
Log Loss (lim. L)              0.863
Log Loss (lim. D)              0.786
F1 (micro averaged)            0.482
F1 (macro averaged by example) 0.479
F1 (macro averaged by label)   0.162
AUPRC (macro averaged)         0.18 
AUROC (macro averaged)         0.506
Curve Data                     
Macro Curve Data               
Micro Curve Data               
Label indices                  [     0     1     2     3     4     5     6     7     8     9    10    11    12    13    14    15    16    17    18    19    20    21    22    23    24    25    26    27    28    29    30    31    32    33    34    35    36    37    38    39    40    41    42    43    44    45    46    47    48    49    50    51    52    53    54    55    56    57    58    59    60    61    62    63    64    65    66    67    68    69    70    71    72    73    74    75    76    77    78    79    80    81    82    83    84    85    86    87    88    89    90    91    92    93    94    95    96    97    98    99   100   101   102   103   104   105   106   107   108   109   110   111   112   113   114   115   116   117   118   119   120   121   122   123   124   125   126   127   128   129   130   131   132   133   134   135   136   137   138   139   140   141   142   143   144   145   146   147   148   149   150   151 ]
Accuracy (per label)           [ 0.918 0.979 0.495 0.990 0.722 0.691 0.711 0.619 0.928 0.557 0.505 0.959 0.536 0.732 0.649 0.557 0.979 0.742 0.567 0.660 0.711 0.526 0.990 0.649 0.711 0.742 0.598 0.670 0.680 0.536 0.959 0.670 0.794 0.742 0.969 0.979 0.825 0.990 0.876 0.948 0.979 0.990 0.969 0.979 0.773 0.742 0.845 0.990 0.918 0.742 0.979 0.845 0.907 0.753 0.814 0.835 0.969 0.629 0.979 0.454 0.649 0.990 0.598 0.722 0.990 0.701 0.979 0.990 0.948 0.660 0.990 0.619 0.990 0.887 0.907 0.928 0.979 0.948 0.948 0.639 0.784 0.938 0.536 0.990 0.536 0.979 0.505 0.887 0.454 0.577 0.845 0.588 0.732 0.454 0.979 0.742 0.680 0.866 0.990 0.866 0.567 0.845 0.773 0.928 0.969 0.598 0.959 0.948 0.959 0.691 0.701 0.959 0.969 0.856 0.814 0.959 0.866 0.990 0.969 0.979 0.959 0.969 0.990 0.608 0.938 0.897 0.928 0.990 0.876 0.701 0.784 0.918 0.814 0.948 0.959 0.907 0.990 0.969 0.979 0.928 0.835 0.990 0.979 0.979 0.990 0.990 0.969 0.979 0.907 0.866 0.928 0.990 ]
Empty labelvectors (predicted) 0    
Label cardinality (predicted)  23.918
Levenshtein distance           0.148


== Additional Measurements (averaged across folds)

Number of training instances   97
Number of test instances       97
Label cardinality (train set)  26.433
Label cardinality (test set)   26.434
Build Time                     0.467
Test Time                      0.062
Total Time                     0.529


Averaging: 0.38292286342609283