== Evaluation Info

Classifier                     Prepare_CC.Base_CC
Options                        [-S, 0, -W, weka.classifiers.trees.J48, --, -C, 0.25, -M, 2]
Additional Info                [22, 15, 2, 108, 41, 115, 151, 138, 12, 133, 28, 135, 3, 31, 127, 143, 54, 40, 78, 43, 84, 61, 50, 85, 45, 145, 38, 116, 137, 24, 95, 35, 19, 18, 60, 13, 104, 77, 93, 49, 132, 142, 53, 56, 65, 141, 59, 94, 17, 72, 68, 71, 82, 58, 122, 147, 20, 73, 107, 48, 134, 86, 98, 146, 33, 112, 55, 42, 67, 81, 131, 120, 129, 119, 130, 34, 110, 21, 7, 105, 5, 102, 111, 139, 0, 117, 75, 136, 32, 114, 57, 101, 69, 51, 10, 148, 89, 128, 1, 99, 44, 149, 74, 88, 29, 144, 14, 121, 25, 70, 47, 80, 52, 103, 30, 92, 100, 37, 125, 76, 23, 87, 90, 126, 64, 83, 123, 79, 63, 96, 6, 106, 91, 118, 36, 27, 152, 9, 113, 150, 124, 8, 16, 97, 26, 11, 46, 66, 62, 4, 140, 109, 39]
Dataset                        CAL500
Number of labels (L)           153
Type                           ML-CV
Threshold                      0.5
Verbosity                      3


== Predictive Performance

Number of test instances (N)   
Accuracy                       0.259
Jaccard index                  0.259
Hamming score                  0.815
Exact match                    0    
Jaccard distance               0.741
Hamming loss                   0.185
ZeroOne loss                   1    
Harmonic score                 0.524
One error                      0.415
Rank loss                      0.355
Avg precision                  0.287
Log Loss (lim. L)              0.932
Log Loss (lim. D)              0.864
F1 (micro averaged)            0.407
F1 (macro averaged by example) 0.403
F1 (macro averaged by label)   0.136
AUPRC (macro averaged)         0.17 
AUROC (macro averaged)         0.493
Curve Data                     
Macro Curve Data               
Micro Curve Data               
Label indices                  [     0     1     2     3     4     5     6     7     8     9    10    11    12    13    14    15    16    17    18    19    20    21    22    23    24    25    26    27    28    29    30    31    32    33    34    35    36    37    38    39    40    41    42    43    44    45    46    47    48    49    50    51    52    53    54    55    56    57    58    59    60    61    62    63    64    65    66    67    68    69    70    71    72    73    74    75    76    77    78    79    80    81    82    83    84    85    86    87    88    89    90    91    92    93    94    95    96    97    98    99   100   101   102   103   104   105   106   107   108   109   110   111   112   113   114   115   116   117   118   119   120   121   122   123   124   125   126   127   128   129   130   131   132   133   134   135   136   137   138   139   140   141   142   143   144   145   146   147   148   149   150   151   152 ]
Accuracy (per label)           [ 0.896 0.528 0.509 0.943 0.934 0.538 0.943 0.472 0.604 0.689 0.632 0.708 0.642 0.736 0.519 0.906 0.594 0.764 0.934 0.500 0.660 0.575 0.925 0.434 0.623 0.745 0.613 0.755 0.443 0.925 0.934 0.547 0.981 0.509 0.453 0.632 0.981 0.991 0.953 0.566 0.962 0.981 0.972 0.934 0.934 0.972 0.906 0.981 0.991 0.972 0.953 0.877 0.953 0.972 0.981 0.821 0.962 0.472 0.972 0.915 0.962 0.509 0.472 0.925 0.604 0.443 0.679 0.849 0.981 0.981 0.981 0.792 0.991 0.858 0.962 0.925 0.764 0.981 0.991 0.943 0.991 0.575 0.858 0.943 0.660 0.425 0.953 0.425 0.887 0.547 0.632 0.868 0.585 0.764 0.472 0.925 0.708 0.821 0.877 0.991 0.509 0.840 0.623 0.604 0.906 0.679 0.453 0.792 0.962 0.840 0.528 0.915 0.887 0.991 0.868 0.962 0.991 0.981 0.991 0.953 0.887 0.915 0.915 0.981 0.868 0.991 0.972 0.925 0.953 0.972 0.962 0.972 0.613 0.708 0.764 0.726 0.972 0.981 0.925 0.991 0.943 0.981 0.972 0.934 0.991 0.849 0.972 0.991 0.953 0.755 0.991 0.849 0.981 ]
Empty labelvectors (predicted) 0    
Label cardinality (predicted)  21.943
Levenshtein distance           0.154


== Additional Measurements (averaged across folds)

Number of training instances   106
Number of test instances       106
Label cardinality (train set)  25.905
Label cardinality (test set)   25.87
Build Time                     0.484
Test Time                      0.043
Total Time                     0.527


Averaging: 0.357823593856609