== Evaluation Info

Classifier                     Prepare_CC.Base_CC
Options                        [-S, 0, -W, weka.classifiers.trees.J48, --, -C, 0.25, -M, 2]
Additional Info                [37, 114, 98, 56, 89, 133, 0, 112, 69, 131, 110, 35, 12, 52, 1, 127, 10, 88, 20, 85, 71, 103, 42, 23, 29, 22, 59, 90, 151, 54, 15, 95, 111, 115, 106, 44, 105, 78, 63, 53, 116, 142, 120, 50, 92, 51, 144, 94, 67, 68, 16, 65, 138, 107, 129, 126, 4, 125, 45, 9, 30, 96, 17, 113, 157, 82, 46, 83, 2, 27, 66, 7, 70, 121, 99, 25, 18, 136, 118, 100, 122, 38, 13, 8, 153, 158, 75, 101, 47, 145, 102, 73, 43, 91, 147, 40, 150, 132, 5, 143, 55, 26, 149, 154, 140, 49, 119, 33, 152, 34, 146, 14, 21, 48, 31, 79, 109, 86, 141, 36, 134, 104, 28, 32, 77, 123, 3, 155, 64, 61, 137, 39, 139, 130, 108, 135, 62, 60, 128, 58, 148, 156, 81, 76, 57, 84, 11, 87, 93, 124, 117, 6, 97, 19, 41, 80, 24, 72, 74]
Dataset                        CAL500
Number of labels (L)           159
Type                           ML-CV
Threshold                      0.5
Verbosity                      3


== Predictive Performance

Number of test instances (N)   
Accuracy                       0.263
Jaccard index                  0.263
Hamming score                  0.814
Exact match                    0    
Jaccard distance               0.737
Hamming loss                   0.186
ZeroOne loss                   1    
Harmonic score                 0.547
One error                      0.426
Rank loss                      0.343
Avg precision                  0.281
Log Loss (lim. L)              0.945
Log Loss (lim. D)              0.787
F1 (micro averaged)            0.411
F1 (macro averaged by example) 0.412
F1 (macro averaged by label)   0.147
AUPRC (macro averaged)         0.169
AUROC (macro averaged)         0.497
Curve Data                     
Macro Curve Data               
Micro Curve Data               
Label indices                  [     0     1     2     3     4     5     6     7     8     9    10    11    12    13    14    15    16    17    18    19    20    21    22    23    24    25    26    27    28    29    30    31    32    33    34    35    36    37    38    39    40    41    42    43    44    45    46    47    48    49    50    51    52    53    54    55    56    57    58    59    60    61    62    63    64    65    66    67    68    69    70    71    72    73    74    75    76    77    78    79    80    81    82    83    84    85    86    87    88    89    90    91    92    93    94    95    96    97    98    99   100   101   102   103   104   105   106   107   108   109   110   111   112   113   114   115   116   117   118   119   120   121   122   123   124   125   126   127   128   129   130   131   132   133   134   135   136   137   138   139   140   141   142   143   144   145   146   147   148   149   150   151   152   153   154   155   156   157   158 ]
Accuracy (per label)           [ 0.882 0.529 0.515 0.485 0.779 0.412 0.603 0.779 0.559 0.897 0.647 0.721 0.441 0.941 0.529 0.897 0.853 0.471 0.721 0.721 0.765 0.500 0.588 0.897 0.588 0.868 0.529 0.941 0.971 0.647 0.971 0.559 0.824 0.500 0.588 0.956 0.735 0.985 0.985 0.941 0.971 0.882 0.882 0.897 0.971 0.882 0.853 0.971 0.956 0.853 0.926 0.912 0.985 0.868 0.956 0.985 0.985 0.985 0.824 0.603 0.971 0.456 0.926 0.912 0.985 0.632 0.397 0.868 0.515 0.544 0.691 0.647 0.897 0.897 0.618 0.985 0.706 0.926 0.853 0.971 0.779 0.985 0.926 0.838 0.985 0.441 0.956 0.765 0.794 0.529 0.956 0.500 0.971 0.706 0.471 0.985 0.441 0.956 0.515 0.985 0.588 0.912 0.824 0.971 0.397 0.618 0.647 0.706 0.941 0.632 0.632 0.706 0.941 0.912 0.515 0.868 0.824 0.971 0.765 0.971 0.985 0.971 0.941 0.956 0.868 0.971 0.985 0.926 0.971 0.779 0.971 0.956 0.882 0.853 0.985 0.941 0.971 0.721 0.956 0.897 0.868 0.985 0.926 0.971 0.956 0.985 0.985 0.985 0.882 0.882 0.985 0.941 0.912 0.941 0.779 0.956 0.912 0.971 0.956 ]
Empty labelvectors (predicted) 0    
Label cardinality (predicted)  24.074
Levenshtein distance           0.155


== Additional Measurements (averaged across folds)

Number of training instances   68
Number of test instances       68
Label cardinality (train set)  26.249
Label cardinality (test set)   26.195
Build Time                     0.262
Test Time                      0.043
Total Time                     0.305


Averaging: 0.3587588567866078