== Evaluation Info

Classifier                     Prepare_CC.Base_CC
Options                        [-S, 0, -W, weka.classifiers.trees.J48, --, -C, 0.25, -M, 2]
Additional Info                [129, 77, 41, 24, 61, 156, 143, 17, 36, 72, 111, 63, 44, 93, 56, 26, 70, 103, 104, 141, 136, 42, 49, 51, 69, 66, 95, 125, 75, 1, 158, 22, 39, 140, 157, 97, 7, 101, 126, 85, 53, 155, 65, 43, 38, 46, 3, 151, 16, 116, 20, 48, 57, 99, 0, 12, 31, 11, 147, 13, 40, 74, 121, 94, 149, 131, 91, 120, 135, 100, 152, 142, 107, 5, 83, 146, 137, 89, 127, 67, 148, 159, 161, 144, 18, 33, 87, 86, 133, 105, 98, 108, 119, 62, 90, 150, 52, 64, 109, 71, 124, 37, 88, 154, 79, 84, 4, 10, 14, 132, 73, 110, 23, 160, 9, 112, 128, 35, 45, 2, 58, 47, 30, 145, 102, 59, 27, 122, 153, 130, 19, 138, 113, 28, 32, 54, 34, 25, 6, 96, 76, 123, 78, 115, 55, 29, 114, 21, 15, 60, 82, 117, 118, 50, 134, 68, 106, 80, 8, 81, 139, 92]
Dataset                        CAL500
Number of labels (L)           162
Type                           ML-CV
Threshold                      0.5
Verbosity                      3


== Predictive Performance

Number of test instances (N)   
Accuracy                       0.199
Jaccard index                  0.199
Hamming score                  0.806
Exact match                    0    
Jaccard distance               0.801
Hamming loss                   0.194
ZeroOne loss                   1    
Harmonic score                 0.453
One error                      0.402
Rank loss                      0.394
Avg precision                  0.226
Log Loss (lim. L)              0.989
Log Loss (lim. D)              0.869
F1 (micro averaged)            0.325
F1 (macro averaged by example) 0.325
F1 (macro averaged by label)   0.126
AUPRC (macro averaged)         0.156
AUROC (macro averaged)         0.494
Curve Data                     
Macro Curve Data               
Micro Curve Data               
Label indices                  [     0     1     2     3     4     5     6     7     8     9    10    11    12    13    14    15    16    17    18    19    20    21    22    23    24    25    26    27    28    29    30    31    32    33    34    35    36    37    38    39    40    41    42    43    44    45    46    47    48    49    50    51    52    53    54    55    56    57    58    59    60    61    62    63    64    65    66    67    68    69    70    71    72    73    74    75    76    77    78    79    80    81    82    83    84    85    86    87    88    89    90    91    92    93    94    95    96    97    98    99   100   101   102   103   104   105   106   107   108   109   110   111   112   113   114   115   116   117   118   119   120   121   122   123   124   125   126   127   128   129   130   131   132   133   134   135   136   137   138   139   140   141   142   143   144   145   146   147   148   149   150   151   152   153   154   155   156   157   158   159   160   161 ]
Accuracy (per label)           [ 0.977 0.529 0.690 0.690 0.966 0.575 0.563 0.759 0.667 0.494 0.667 0.437 0.517 0.747 0.897 0.563 0.655 0.529 0.586 0.770 0.678 0.483 0.644 0.575 0.506 0.851 0.586 0.667 0.724 0.816 0.851 0.540 0.632 0.690 0.644 0.540 0.552 0.989 0.989 0.966 0.805 0.954 0.943 0.954 0.989 0.989 0.989 0.989 0.920 0.977 0.977 0.931 0.805 0.816 0.989 0.989 0.966 0.908 0.793 0.954 0.977 0.943 0.782 0.793 0.609 0.966 0.747 0.805 0.621 0.644 0.874 0.621 0.655 0.782 0.724 0.989 0.966 0.816 0.552 0.966 0.759 0.851 0.897 0.851 0.908 0.747 0.954 0.897 0.908 0.621 0.690 0.920 0.448 0.667 0.609 0.667 0.678 0.552 0.713 0.575 0.690 0.471 0.897 0.391 0.989 0.782 0.655 0.908 0.494 0.598 0.609 0.678 0.920 0.885 0.529 0.839 0.851 0.552 0.977 0.943 0.667 0.954 0.977 0.966 0.943 0.989 0.851 0.989 0.839 0.943 0.966 0.747 0.954 0.989 0.954 0.977 0.954 0.989 0.989 0.977 0.908 0.908 0.828 0.897 0.908 0.989 0.989 0.989 0.828 0.989 0.989 0.954 0.954 0.966 0.862 0.989 0.989 0.908 0.931 0.989 0.943 0.966 ]
Empty labelvectors (predicted) 0    
Label cardinality (predicted)  21.977
Levenshtein distance           0.149


== Additional Measurements (averaged across folds)

Number of training instances   87
Number of test instances       87
Label cardinality (train set)  24.701
Label cardinality (test set)   24.678
Build Time                     0.366
Test Time                      0.042
Total Time                     0.408


Averaging: 0.3347435253737381