== Evaluation Info

Classifier                     Prepare_CC.Base_CC
Options                        [-S, 0, -W, weka.classifiers.trees.J48, --, -C, 0.25, -M, 2]
Additional Info                [117, 35, 1, 100, 162, 45, 130, 33, 173, 44, 16, 112, 75, 5, 28, 149, 34, 140, 110, 121, 113, 93, 86, 26, 90, 71, 67, 85, 148, 62, 107, 13, 52, 168, 72, 69, 106, 15, 137, 10, 114, 98, 63, 27, 23, 133, 142, 36, 14, 150, 2, 128, 109, 76, 73, 135, 155, 54, 88, 101, 84, 9, 132, 68, 160, 118, 91, 19, 161, 29, 141, 50, 125, 111, 58, 32, 31, 157, 83, 25, 105, 138, 95, 6, 59, 22, 7, 11, 123, 116, 55, 46, 152, 53, 154, 8, 17, 139, 136, 18, 65, 153, 12, 108, 3, 115, 40, 43, 60, 82, 103, 92, 166, 47, 167, 134, 78, 30, 147, 102, 94, 119, 126, 97, 64, 171, 144, 170, 163, 38, 81, 21, 41, 99, 70, 104, 0, 159, 61, 172, 24, 51, 48, 145, 96, 131, 42, 74, 49, 122, 20, 146, 89, 79, 120, 57, 4, 37, 39, 56, 66, 77, 80, 87, 124, 127, 129, 143, 151, 156, 158, 164, 165, 169]
Dataset                        CAL500
Number of labels (L)           174
Type                           ML-CV
Threshold                      0.5
Verbosity                      3


== Predictive Performance

Number of test instances (N)   
Accuracy                       0.261
Jaccard index                  0.261
Hamming score                  0.822
Exact match                    0    
Jaccard distance               0.739
Hamming loss                   0.178
ZeroOne loss                   1    
Harmonic score                 0.54 
One error                      0.313
Rank loss                      0.343
Avg precision                  0.279
Log Loss (lim. L)              0.919
Log Loss (lim. D)              0.741
F1 (micro averaged)            0.413
F1 (macro averaged by example) 0.407
F1 (macro averaged by label)   0.134
AUPRC (macro averaged)         NaN
AUROC (macro averaged)         NaN
Curve Data                     
Macro Curve Data               
Micro Curve Data               
Label indices                  [     0     1     2     3     4     5     6     7     8     9    10    11    12    13    14    15    16    17    18    19    20    21    22    23    24    25    26    27    28    29    30    31    32    33    34    35    36    37    38    39    40    41    42    43    44    45    46    47    48    49    50    51    52    53    54    55    56    57    58    59    60    61    62    63    64    65    66    67    68    69    70    71    72    73    74    75    76    77    78    79    80    81    82    83    84    85    86    87    88    89    90    91    92    93    94    95    96    97    98    99   100   101   102   103   104   105   106   107   108   109   110   111   112   113   114   115   116   117   118   119   120   121   122   123   124   125   126   127   128   129   130   131   132   133   134   135   136   137   138   139   140   141   142   143   144   145   146   147   148   149   150   151   152   153   154   155   156   157   158   159   160   161   162   163   164   165   166   167   168   169   170   171   172   173 ]
Accuracy (per label)           [ 0.969 0.563 0.563 0.922 1.000 0.672 0.672 0.641 0.563 0.766 0.531 0.953 0.609 0.781 0.406 0.969 0.531 0.984 0.703 0.453 0.594 0.766 0.578 0.531 0.516 0.938 0.375 0.906 0.469 0.984 0.969 0.625 0.844 0.484 0.563 0.531 0.844 1.000 0.922 1.000 0.797 0.984 0.891 0.953 0.984 0.766 0.984 0.969 0.953 0.953 0.875 0.984 0.938 0.953 0.781 0.922 1.000 0.938 0.984 0.922 0.984 0.984 0.781 0.594 0.828 0.688 1.000 0.922 0.922 0.500 0.484 0.938 0.516 0.688 0.844 0.594 0.984 1.000 0.922 0.547 1.000 0.609 0.984 0.859 0.969 0.891 0.594 1.000 0.938 0.844 0.984 0.578 0.984 0.828 0.734 0.531 0.813 0.563 0.844 0.703 0.953 0.500 0.891 0.500 0.984 0.484 0.984 0.438 0.875 0.813 0.984 0.422 0.469 0.531 0.641 0.969 0.563 0.797 0.656 0.875 0.875 0.500 0.953 0.797 1.000 0.734 0.953 1.000 0.938 1.000 0.938 0.984 0.984 0.922 0.906 0.859 0.859 0.984 0.703 0.969 0.984 0.672 0.891 1.000 0.984 0.984 0.969 0.766 0.750 0.984 0.875 1.000 0.969 0.984 0.953 0.969 1.000 0.984 1.000 0.984 0.938 0.859 0.859 0.922 1.000 1.000 0.859 0.891 0.875 1.000 0.891 0.953 0.984 0.906 ]
Empty labelvectors (predicted) 0    
Label cardinality (predicted)  25.156
Levenshtein distance           0.147


== Additional Measurements (averaged across folds)

Number of training instances   64
Number of test instances       64
Label cardinality (train set)  27.641
Label cardinality (test set)   27.676
Build Time                     0.193
Test Time                      0.034
Total Time                     0.227


Averaging: 0.3609930913747091