== Evaluation Info

Classifier                     Prepare_CC.Base_CC
Options                        [-S, 0, -W, weka.classifiers.trees.J48, --, -C, 0.25, -M, 2]
Additional Info                [11, 12, 33, 99, 147, 107, 95, 137, 130, 41, 140, 143, 86, 49, 151, 40, 10, 159, 87, 17, 150, 98, 114, 135, 65, 116, 25, 144, 57, 170, 23, 61, 145, 26, 149, 7, 63, 3, 22, 152, 120, 1, 75, 73, 82, 68, 115, 108, 67, 131, 139, 15, 93, 5, 64, 155, 101, 158, 69, 111, 52, 117, 27, 0, 104, 106, 122, 29, 121, 19, 77, 105, 59, 133, 31, 113, 134, 97, 30, 125, 70, 142, 167, 119, 2, 13, 161, 136, 92, 9, 14, 71, 35, 126, 46, 148, 37, 91, 157, 94, 36, 166, 109, 123, 50, 138, 96, 74, 163, 4, 102, 72, 103, 20, 118, 16, 24, 60, 28, 84, 21, 112, 79, 110, 6, 8, 18, 32, 34, 38, 39, 42, 43, 44, 45, 47, 48, 51, 53, 54, 55, 56, 58, 62, 66, 76, 78, 80, 81, 83, 85, 88, 89, 90, 100, 124, 127, 128, 129, 132, 141, 146, 153, 154, 156, 160, 162, 164, 165, 168, 169, 171, 172, 173]
Dataset                        CAL500
Number of labels (L)           174
Type                           ML-CV
Threshold                      0.5
Verbosity                      3


== Predictive Performance

Number of test instances (N)   
Accuracy                       0.305
Jaccard index                  0.305
Hamming score                  0.835
Exact match                    0    
Jaccard distance               0.695
Hamming loss                   0.165
ZeroOne loss                   1    
Harmonic score                 0.585
One error                      0.582
Rank loss                      0.335
Avg precision                  0.319
Log Loss (lim. L)              0.852
Log Loss (lim. D)              0.662
F1 (micro averaged)            0.463
F1 (macro averaged by example) 0.46 
F1 (macro averaged by label)   0.14 
AUPRC (macro averaged)         NaN
AUROC (macro averaged)         NaN
Curve Data                     
Macro Curve Data               
Micro Curve Data               
Label indices                  [     0     1     2     3     4     5     6     7     8     9    10    11    12    13    14    15    16    17    18    19    20    21    22    23    24    25    26    27    28    29    30    31    32    33    34    35    36    37    38    39    40    41    42    43    44    45    46    47    48    49    50    51    52    53    54    55    56    57    58    59    60    61    62    63    64    65    66    67    68    69    70    71    72    73    74    75    76    77    78    79    80    81    82    83    84    85    86    87    88    89    90    91    92    93    94    95    96    97    98    99   100   101   102   103   104   105   106   107   108   109   110   111   112   113   114   115   116   117   118   119   120   121   122   123   124   125   126   127   128   129   130   131   132   133   134   135   136   137   138   139   140   141   142   143   144   145   146   147   148   149   150   151   152   153   154   155   156   157   158   159   160   161   162   163   164   165   166   167   168   169   170   171   172   173 ]
Accuracy (per label)           [ 0.509 0.709 0.527 0.927 0.655 0.436 0.982 0.600 1.000 0.491 0.927 0.527 0.800 0.745 0.564 0.909 0.873 0.436 1.000 0.655 0.909 0.636 0.982 0.709 0.982 0.309 0.982 0.455 0.564 0.891 0.836 0.545 1.000 0.691 1.000 0.691 0.582 0.945 1.000 1.000 0.764 0.982 1.000 1.000 1.000 1.000 0.909 1.000 1.000 0.691 0.873 1.000 0.982 1.000 1.000 1.000 1.000 0.982 1.000 0.745 0.945 0.891 1.000 0.927 0.945 0.473 1.000 0.927 0.855 0.909 0.509 0.782 0.527 0.636 0.545 0.800 1.000 0.909 1.000 0.618 1.000 1.000 0.855 1.000 0.709 1.000 0.582 0.982 1.000 1.000 1.000 0.600 0.582 0.836 0.655 0.527 0.800 0.491 0.982 0.527 1.000 0.600 0.764 0.745 0.564 0.491 0.982 0.727 0.582 0.945 0.982 0.709 0.818 0.582 0.818 0.691 0.800 0.345 0.727 0.964 0.836 0.455 0.855 0.891 1.000 0.964 0.982 1.000 1.000 1.000 0.982 0.982 1.000 0.564 0.727 0.982 0.909 0.982 0.655 0.982 0.818 1.000 0.818 0.909 0.909 0.818 1.000 0.727 0.982 0.782 0.982 0.836 0.945 1.000 1.000 0.982 1.000 0.818 0.982 0.909 1.000 0.982 1.000 0.564 1.000 1.000 0.982 0.891 1.000 1.000 0.818 1.000 1.000 1.000 ]
Empty labelvectors (predicted) 0    
Label cardinality (predicted)  25.236
Levenshtein distance           0.144


== Additional Measurements (averaged across folds)

Number of training instances   55
Number of test instances       55
Label cardinality (train set)  28.291
Label cardinality (test set)   28.293
Build Time                     0.134
Test Time                      0.03 
Total Time                     0.163


Averaging: 0.3799779363843636