== Evaluation Info

Classifier                     Prepare_CC.Base_CC
Options                        [-S, 0, -W, weka.classifiers.trees.J48, --, -C, 0.25, -M, 2]
Additional Info                [59, 167, 97, 111, 107, 120, 23, 172, 94, 131, 137, 10, 96, 76, 56, 152, 126, 115, 11, 148, 101, 129, 170, 78, 83, 50, 3, 37, 40, 0, 39, 80, 67, 95, 9, 103, 51, 25, 31, 66, 58, 75, 45, 117, 161, 43, 154, 69, 109, 139, 135, 54, 29, 141, 36, 30, 113, 163, 90, 166, 22, 16, 44, 81, 155, 13, 28, 160, 57, 100, 91, 6, 60, 12, 106, 173, 89, 146, 17, 70, 92, 35, 165, 34, 169, 130, 14, 8, 26, 149, 64, 2, 79, 134, 1, 49, 140, 5, 63, 153, 4, 46, 41, 42, 27, 121, 133, 93, 98, 142, 85, 164, 32, 84, 18, 110, 47, 150, 118, 19, 138, 68, 102, 99, 52, 15, 72, 65, 73, 143, 71, 162, 147, 168, 112, 33, 74, 82, 128, 116, 124, 119, 156, 114, 108, 21, 87, 7, 158, 157, 127, 77, 105, 86, 125, 62, 104, 53, 24, 132, 171, 20, 38, 48, 55, 61, 88, 122, 123, 136, 144, 145, 151, 159]
Dataset                        CAL500
Number of labels (L)           174
Type                           ML-CV
Threshold                      0.5
Verbosity                      3


== Predictive Performance

Number of test instances (N)   
Accuracy                       0.258
Jaccard index                  0.258
Hamming score                  0.841
Exact match                    0    
Jaccard distance               0.742
Hamming loss                   0.159
ZeroOne loss                   1    
Harmonic score                 0.521
One error                      0.177
Rank loss                      0.341
Avg precision                  0.272
Log Loss (lim. L)              0.821
Log Loss (lim. D)              0.753
F1 (micro averaged)            0.404
F1 (macro averaged by example) 0.4  
F1 (macro averaged by label)   0.127
AUPRC (macro averaged)         NaN
AUROC (macro averaged)         NaN
Curve Data                     
Macro Curve Data               
Micro Curve Data               
Label indices                  [     0     1     2     3     4     5     6     7     8     9    10    11    12    13    14    15    16    17    18    19    20    21    22    23    24    25    26    27    28    29    30    31    32    33    34    35    36    37    38    39    40    41    42    43    44    45    46    47    48    49    50    51    52    53    54    55    56    57    58    59    60    61    62    63    64    65    66    67    68    69    70    71    72    73    74    75    76    77    78    79    80    81    82    83    84    85    86    87    88    89    90    91    92    93    94    95    96    97    98    99   100   101   102   103   104   105   106   107   108   109   110   111   112   113   114   115   116   117   118   119   120   121   122   123   124   125   126   127   128   129   130   131   132   133   134   135   136   137   138   139   140   141   142   143   144   145   146   147   148   149   150   151   152   153   154   155   156   157   158   159   160   161   162   163   164   165   166   167   168   169   170   171   172   173 ]
Accuracy (per label)           [ 0.973 0.814 0.912 0.478 0.982 0.540 0.425 0.912 0.841 0.593 0.956 0.566 0.487 0.850 0.991 0.584 0.814 0.434 0.584 0.885 0.920 0.540 0.637 0.496 0.513 0.956 0.788 0.558 0.805 0.602 0.655 0.637 0.558 0.743 0.637 0.602 0.735 0.982 1.000 0.982 0.770 0.991 0.938 0.956 0.956 0.982 0.982 0.982 1.000 0.973 0.991 0.973 0.876 0.814 0.929 1.000 0.982 0.885 0.752 0.912 0.823 1.000 0.867 0.832 0.912 0.832 0.912 0.805 0.965 0.619 0.628 0.973 0.451 0.690 0.938 0.681 0.947 0.991 0.956 0.646 0.991 0.664 0.982 0.947 0.973 0.903 0.903 0.965 1.000 0.991 0.965 0.699 0.699 0.982 0.469 0.938 0.531 0.867 0.416 0.788 0.522 0.496 0.770 0.681 0.611 0.451 0.973 0.708 0.690 0.788 0.982 0.655 0.434 0.805 0.858 0.894 0.973 0.602 0.973 0.956 0.947 0.761 1.000 1.000 0.770 0.956 0.973 0.832 0.894 0.956 0.885 0.991 0.965 0.991 0.965 0.956 1.000 0.973 0.619 0.982 0.991 0.982 0.912 0.991 1.000 1.000 0.991 0.903 0.779 0.841 0.876 1.000 0.991 0.841 0.991 0.947 0.903 0.965 0.973 1.000 0.982 0.956 0.956 0.973 0.929 0.973 0.982 0.947 0.973 0.982 0.885 0.920 0.982 0.991 ]
Empty labelvectors (predicted) 0    
Label cardinality (predicted)  21.265
Levenshtein distance           0.13 


== Additional Measurements (averaged across folds)

Number of training instances   113
Number of test instances       113
Label cardinality (train set)  25.23
Label cardinality (test set)   25.208
Build Time                     0.531
Test Time                      0.06 
Total Time                     0.591


Averaging: 0.3662766180821098