== Evaluation Info

Classifier                     Prepare_CC.Base_CC
Options                        [-S, 0, -W, weka.classifiers.trees.J48, --, -C, 0.25, -M, 2]
Additional Info                [164, 109, 75, 104, 113, 60, 98, 100, 33, 62, 11, 38, 32, 161, 170, 73, 35, 4, 1, 116, 115, 40, 95, 9, 90, 68, 167, 31, 41, 83, 97, 81, 70, 58, 53, 69, 107, 47, 21, 120, 169, 159, 67, 14, 112, 134, 165, 36, 77, 147, 28, 25, 160, 7, 86, 57, 132, 74, 108, 42, 59, 52, 129, 13, 157, 93, 125, 15, 23, 64, 65, 172, 154, 3, 114, 72, 148, 20, 29, 66, 127, 82, 84, 87, 12, 88, 5, 44, 94, 101, 126, 103, 150, 39, 106, 138, 102, 37, 139, 155, 10, 55, 76, 19, 18, 48, 142, 105, 162, 130, 61, 89, 128, 2, 122, 49, 123, 96, 91, 6, 34, 144, 43, 45, 85, 8, 111, 117, 30, 26, 16, 140, 63, 156, 124, 121, 146, 141, 80, 163, 137, 135, 54, 166, 71, 78, 46, 27, 118, 22, 92, 17, 99, 56, 149, 24, 153, 79, 0, 50, 51, 110, 119, 131, 133, 136, 143, 145, 151, 152, 158, 168, 171, 173]
Dataset                        CAL500
Number of labels (L)           174
Type                           ML-CV
Threshold                      0.5
Verbosity                      3


== Predictive Performance

Number of test instances (N)   
Accuracy                       0.214
Jaccard index                  0.214
Hamming score                  0.835
Exact match                    0    
Jaccard distance               0.786
Hamming loss                   0.165
ZeroOne loss                   1    
Harmonic score                 0.468
One error                      0.315
Rank loss                      0.362
Avg precision                  0.23 
Log Loss (lim. L)              0.853
Log Loss (lim. D)              0.747
F1 (micro averaged)            0.349
F1 (macro averaged by example) 0.345
F1 (macro averaged by label)   0.118
AUPRC (macro averaged)         NaN
AUROC (macro averaged)         NaN
Curve Data                     
Macro Curve Data               
Micro Curve Data               
Label indices                  [     0     1     2     3     4     5     6     7     8     9    10    11    12    13    14    15    16    17    18    19    20    21    22    23    24    25    26    27    28    29    30    31    32    33    34    35    36    37    38    39    40    41    42    43    44    45    46    47    48    49    50    51    52    53    54    55    56    57    58    59    60    61    62    63    64    65    66    67    68    69    70    71    72    73    74    75    76    77    78    79    80    81    82    83    84    85    86    87    88    89    90    91    92    93    94    95    96    97    98    99   100   101   102   103   104   105   106   107   108   109   110   111   112   113   114   115   116   117   118   119   120   121   122   123   124   125   126   127   128   129   130   131   132   133   134   135   136   137   138   139   140   141   142   143   144   145   146   147   148   149   150   151   152   153   154   155   156   157   158   159   160   161   162   163   164   165   166   167   168   169   170   171   172   173 ]
Accuracy (per label)           [ 1.000 0.620 0.750 0.707 0.935 0.587 0.554 0.815 0.587 0.685 0.576 0.652 0.533 0.783 0.913 0.489 0.522 0.728 0.609 0.870 0.587 0.685 0.543 0.696 0.391 0.967 0.630 0.793 0.804 0.837 0.804 0.424 0.598 0.717 0.696 0.685 0.739 0.946 0.989 0.902 0.717 0.989 0.946 0.957 0.989 0.978 0.989 0.978 0.946 0.989 1.000 1.000 0.891 0.826 0.837 0.989 0.989 0.967 0.826 0.902 0.870 0.989 0.891 0.815 0.793 0.674 0.967 0.663 0.902 0.587 0.565 0.924 0.522 0.576 0.870 0.630 0.989 0.967 0.870 0.554 0.967 0.663 0.902 0.902 0.967 0.935 0.772 0.967 0.924 0.848 0.978 0.554 0.848 0.891 0.565 0.761 0.620 0.848 0.663 0.685 0.707 0.641 0.826 0.533 0.935 0.554 0.978 0.707 0.750 0.891 1.000 0.630 0.543 0.652 0.674 0.891 0.870 0.424 0.902 1.000 0.902 0.707 0.957 0.957 0.772 0.935 0.978 0.935 0.957 0.989 0.891 1.000 0.989 1.000 0.891 0.967 1.000 0.989 0.707 0.957 0.989 0.935 0.989 1.000 0.989 1.000 0.967 0.924 0.837 0.891 0.848 1.000 1.000 0.924 0.978 0.989 0.989 0.913 1.000 0.989 0.967 0.957 0.978 0.935 0.978 0.989 0.957 0.946 1.000 0.978 0.913 1.000 0.967 1.000 ]
Empty labelvectors (predicted) 0    
Label cardinality (predicted)  20.109
Levenshtein distance           0.132


== Additional Measurements (averaged across folds)

Number of training instances   92
Number of test instances       92
Label cardinality (train set)  24.066
Label cardinality (test set)   24.104
Build Time                     0.356
Test Time                      0.049
Total Time                     0.406


Averaging: 0.34947062576430993