== Evaluation Info

Classifier                     Prepare_CC.Base_CC
Options                        [-S, 0, -W, weka.classifiers.trees.J48, --, -C, 0.25, -M, 2]
Additional Info                [133, 144, 33, 94, 134, 170, 27, 98, 40, 66, 142, 139, 80, 26, 57, 8, 72, 103, 75, 61, 54, 115, 163, 128, 79, 51, 119, 2, 164, 104, 64, 22, 41, 13, 149, 71, 30, 45, 111, 89, 158, 117, 105, 93, 16, 53, 9, 131, 4, 118, 31, 1, 42, 90, 127, 11, 19, 12, 74, 95, 166, 59, 92, 39, 49, 145, 122, 29, 124, 102, 120, 121, 81, 151, 101, 47, 36, 69, 73, 58, 0, 37, 84, 5, 125, 110, 136, 140, 169, 106, 65, 67, 91, 76, 114, 167, 60, 77, 162, 6, 96, 70, 123, 55, 87, 116, 141, 28, 157, 86, 82, 147, 109, 165, 32, 173, 88, 161, 7, 15, 35, 18, 25, 21, 171, 20, 159, 24, 126, 153, 156, 10, 146, 130, 50, 63, 108, 97, 38, 113, 99, 150, 78, 62, 148, 112, 135, 138, 107, 17, 152, 46, 14, 23, 3, 34, 43, 44, 48, 52, 56, 68, 83, 85, 100, 129, 132, 137, 143, 154, 155, 160, 168, 172]
Dataset                        CAL500
Number of labels (L)           174
Type                           ML-CV
Threshold                      0.5
Verbosity                      3


== Predictive Performance

Number of test instances (N)   
Accuracy                       0.292
Jaccard index                  0.292
Hamming score                  0.834
Exact match                    0    
Jaccard distance               0.708
Hamming loss                   0.166
ZeroOne loss                   1    
Harmonic score                 0.577
One error                      0.583
Rank loss                      0.319
Avg precision                  0.304
Log Loss (lim. L)              0.857
Log Loss (lim. D)              0.758
F1 (micro averaged)            0.448
F1 (macro averaged by example) 0.444
F1 (macro averaged by label)   0.155
AUPRC (macro averaged)         NaN
AUROC (macro averaged)         NaN
Curve Data                     
Macro Curve Data               
Micro Curve Data               
Label indices                  [     0     1     2     3     4     5     6     7     8     9    10    11    12    13    14    15    16    17    18    19    20    21    22    23    24    25    26    27    28    29    30    31    32    33    34    35    36    37    38    39    40    41    42    43    44    45    46    47    48    49    50    51    52    53    54    55    56    57    58    59    60    61    62    63    64    65    66    67    68    69    70    71    72    73    74    75    76    77    78    79    80    81    82    83    84    85    86    87    88    89    90    91    92    93    94    95    96    97    98    99   100   101   102   103   104   105   106   107   108   109   110   111   112   113   114   115   116   117   118   119   120   121   122   123   124   125   126   127   128   129   130   131   132   133   134   135   136   137   138   139   140   141   142   143   144   145   146   147   148   149   150   151   152   153   154   155   156   157   158   159   160   161   162   163   164   165   166   167   168   169   170   171   172   173 ]
Accuracy (per label)           [ 0.813 0.490 0.427 1.000 0.958 0.438 0.969 0.438 0.635 0.635 0.552 0.667 0.667 0.708 0.479 0.969 0.510 0.781 0.958 0.417 0.594 0.583 0.969 0.604 0.698 0.740 0.542 0.740 0.490 0.927 0.979 0.583 0.979 0.521 1.000 0.500 0.604 0.990 0.990 0.969 0.594 0.990 0.979 1.000 1.000 0.938 0.958 0.948 1.000 0.823 0.792 0.927 1.000 0.948 0.979 0.990 1.000 0.917 0.979 0.906 0.958 0.948 0.990 0.813 0.948 0.427 0.969 0.917 1.000 0.438 0.521 0.917 0.542 0.510 0.729 0.875 0.969 0.979 0.990 0.917 0.990 0.927 0.990 1.000 0.917 1.000 0.698 0.979 0.990 0.958 0.990 0.542 0.917 0.938 0.531 0.479 0.969 0.458 0.906 0.635 1.000 0.646 0.906 0.552 0.823 0.427 0.958 0.729 0.813 0.833 0.990 0.677 0.792 0.604 0.552 0.865 0.646 0.531 0.750 0.979 0.833 0.448 0.938 0.823 0.990 0.875 0.969 0.979 0.969 1.000 0.979 0.958 1.000 0.802 0.865 0.958 0.969 1.000 0.927 0.958 0.958 0.906 0.948 1.000 0.948 0.958 0.979 0.677 0.823 0.802 0.604 0.948 0.927 0.969 1.000 1.000 0.990 0.958 0.969 0.948 1.000 0.896 0.990 0.854 0.969 0.990 0.885 0.760 1.000 0.990 0.833 0.990 1.000 0.969 ]
Empty labelvectors (predicted) 0    
Label cardinality (predicted)  25.01
Levenshtein distance           0.139


== Additional Measurements (averaged across folds)

Number of training instances   96
Number of test instances       96
Label cardinality (train set)  27.395
Label cardinality (test set)   27.314
Build Time                     0.374
Test Time                      0.052
Total Time                     0.426


Averaging: 0.37534025385151765