== Evaluation Info

Classifier                     Prepare_CC.Base_CC
Options                        [-S, 0, -W, weka.classifiers.trees.J48, --, -C, 0.25, -M, 2]
Additional Info                [43, 18, 104, 157, 1, 137, 57, 68, 54, 88, 15, 127, 58, 124, 24, 111, 136, 30, 25, 148, 102, 132, 128, 160, 6, 0, 82, 126, 162, 60, 75, 72, 94, 130, 123, 133, 163, 70, 107, 64, 67, 11, 46, 86, 156, 138, 66, 143, 9, 14, 161, 166, 141, 165, 121, 27, 13, 47, 42, 113, 36, 97, 7, 118, 3, 34, 28, 2, 23, 154, 90, 32, 26, 80, 38, 21, 4, 37, 98, 125, 49, 22, 61, 158, 155, 139, 116, 144, 172, 109, 41, 114, 140, 35, 20, 149, 105, 159, 101, 44, 89, 59, 95, 62, 12, 69, 108, 142, 150, 5, 167, 129, 48, 77, 134, 120, 84, 79, 40, 16, 96, 19, 33, 110, 74, 106, 10, 78, 52, 17, 63, 87, 100, 153, 65, 164, 83, 81, 103, 145, 71, 53, 29, 91, 117, 115, 119, 85, 93, 99, 122, 39, 73, 147, 112, 135, 31, 146, 50, 8, 92, 170, 45, 51, 55, 56, 76, 131, 151, 152, 168, 169, 171, 173]
Dataset                        CAL500
Number of labels (L)           174
Type                           ML-CV
Threshold                      0.5
Verbosity                      3


== Predictive Performance

Number of test instances (N)   
Accuracy                       0.2  
Jaccard index                  0.2  
Hamming score                  0.829
Exact match                    0    
Jaccard distance               0.8  
Hamming loss                   0.171
ZeroOne loss                   1    
Harmonic score                 0.439
One error                      0.494
Rank loss                      0.38 
Avg precision                  0.223
Log Loss (lim. L)              0.881
Log Loss (lim. D)              0.751
F1 (micro averaged)            0.325
F1 (macro averaged by example) 0.324
F1 (macro averaged by label)   0.113
AUPRC (macro averaged)         NaN
AUROC (macro averaged)         NaN
Curve Data                     
Macro Curve Data               
Micro Curve Data               
Label indices                  [     0     1     2     3     4     5     6     7     8     9    10    11    12    13    14    15    16    17    18    19    20    21    22    23    24    25    26    27    28    29    30    31    32    33    34    35    36    37    38    39    40    41    42    43    44    45    46    47    48    49    50    51    52    53    54    55    56    57    58    59    60    61    62    63    64    65    66    67    68    69    70    71    72    73    74    75    76    77    78    79    80    81    82    83    84    85    86    87    88    89    90    91    92    93    94    95    96    97    98    99   100   101   102   103   104   105   106   107   108   109   110   111   112   113   114   115   116   117   118   119   120   121   122   123   124   125   126   127   128   129   130   131   132   133   134   135   136   137   138   139   140   141   142   143   144   145   146   147   148   149   150   151   152   153   154   155   156   157   158   159   160   161   162   163   164   165   166   167   168   169   170   171   172   173 ]
Accuracy (per label)           [ 0.926 0.481 0.728 0.802 0.877 0.556 0.605 0.605 0.679 0.506 0.716 0.494 0.617 0.691 0.815 0.568 0.654 0.593 0.605 0.642 0.741 0.494 0.790 0.556 0.568 0.753 0.667 0.642 0.765 0.741 0.815 0.457 0.815 0.593 0.864 0.519 0.605 0.975 0.988 0.975 0.778 0.975 0.963 0.951 0.988 1.000 0.975 0.988 0.975 0.963 0.975 1.000 0.938 0.802 0.914 1.000 1.000 0.938 0.914 0.753 0.914 0.975 0.963 0.852 0.914 0.679 0.951 0.852 0.802 0.765 0.605 0.889 0.531 0.580 0.654 0.716 1.000 0.963 0.914 0.481 0.951 0.840 0.765 0.951 0.778 0.963 0.778 0.963 0.963 0.963 0.988 0.704 0.691 0.938 0.543 0.667 0.728 0.568 0.852 0.543 0.765 0.667 0.802 0.556 0.815 0.444 0.988 0.827 0.753 0.926 0.988 0.506 0.605 0.617 0.753 0.852 0.926 0.481 0.864 0.975 0.815 0.593 0.901 0.963 0.864 0.951 0.975 0.975 0.988 0.988 0.914 1.000 0.988 0.988 0.877 0.963 0.988 0.938 0.802 0.988 0.988 0.975 0.988 0.975 0.988 0.988 0.938 0.889 0.877 0.765 0.901 1.000 1.000 0.951 0.988 0.963 0.988 0.778 0.988 0.988 0.988 0.975 0.988 0.815 0.975 0.988 0.926 0.790 1.000 1.000 0.951 1.000 0.988 1.000 ]
Empty labelvectors (predicted) 0    
Label cardinality (predicted)  19.802
Levenshtein distance           0.134


== Additional Measurements (averaged across folds)

Number of training instances   81
Number of test instances       81
Label cardinality (train set)  24.247
Label cardinality (test set)   24.253
Build Time                     0.334
Test Time                      0.041
Total Time                     0.374


Averaging: 0.3431175476016886