== Evaluation Info

Classifier                     Prepare_CC.Base_CC
Options                        [-S, 0, -W, weka.classifiers.trees.J48, --, -C, 0.25, -M, 2]
Additional Info                [12, 18, 103, 4, 156, 124, 90, 17, 5, 134, 104, 79, 159, 8, 164, 46, 102, 56, 30, 106, 81, 118, 126, 65, 160, 36, 40, 66, 16, 107, 147, 105, 15, 131, 11, 92, 145, 37, 125, 121, 100, 68, 89, 29, 84, 93, 27, 91, 64, 24, 7, 72, 42, 139, 50, 127, 135, 117, 140, 31, 95, 39, 141, 34, 60, 112, 22, 133, 171, 150, 14, 52, 76, 153, 58, 9, 142, 59, 82, 116, 161, 94, 2, 128, 166, 26, 80, 86, 170, 51, 67, 23, 63, 43, 138, 44, 53, 120, 28, 96, 21, 99, 148, 32, 33, 87, 98, 74, 144, 123, 19, 6, 101, 45, 108, 10, 70, 25, 49, 20, 35, 169, 73, 109, 75, 13, 157, 3, 62, 69, 149, 113, 163, 111, 115, 167, 151, 85, 54, 97, 1, 61, 114, 130, 71, 77, 0, 38, 41, 47, 48, 55, 57, 78, 83, 88, 110, 119, 122, 129, 132, 136, 137, 143, 146, 152, 154, 155, 158, 162, 165, 168, 172, 173]
Dataset                        CAL500
Number of labels (L)           174
Type                           ML-CV
Threshold                      0.5
Verbosity                      3


== Predictive Performance

Number of test instances (N)   
Accuracy                       0.247
Jaccard index                  0.247
Hamming score                  0.843
Exact match                    0    
Jaccard distance               0.753
Hamming loss                   0.157
ZeroOne loss                   1    
Harmonic score                 0.518
One error                      0.507
Rank loss                      0.339
Avg precision                  0.252
Log Loss (lim. L)              0.812
Log Loss (lim. D)              0.662
F1 (micro averaged)            0.39 
F1 (macro averaged by example) 0.386
F1 (macro averaged by label)   0.12 
AUPRC (macro averaged)         NaN
AUROC (macro averaged)         NaN
Curve Data                     
Macro Curve Data               
Micro Curve Data               
Label indices                  [     0     1     2     3     4     5     6     7     8     9    10    11    12    13    14    15    16    17    18    19    20    21    22    23    24    25    26    27    28    29    30    31    32    33    34    35    36    37    38    39    40    41    42    43    44    45    46    47    48    49    50    51    52    53    54    55    56    57    58    59    60    61    62    63    64    65    66    67    68    69    70    71    72    73    74    75    76    77    78    79    80    81    82    83    84    85    86    87    88    89    90    91    92    93    94    95    96    97    98    99   100   101   102   103   104   105   106   107   108   109   110   111   112   113   114   115   116   117   118   119   120   121   122   123   124   125   126   127   128   129   130   131   132   133   134   135   136   137   138   139   140   141   142   143   144   145   146   147   148   149   150   151   152   153   154   155   156   157   158   159   160   161   162   163   164   165   166   167   168   169   170   171   172   173 ]
Accuracy (per label)           [ 1.000 0.507 0.881 0.612 0.925 0.582 0.821 0.552 0.746 0.522 0.955 0.418 0.657 0.672 0.955 0.493 0.866 0.537 0.642 0.672 0.970 0.478 0.896 0.418 0.642 0.776 0.970 0.627 0.806 0.791 0.716 0.493 0.791 0.597 0.836 0.463 0.552 0.970 1.000 0.985 0.716 1.000 0.985 0.866 0.985 0.985 0.985 1.000 1.000 0.910 0.955 0.985 0.940 0.925 0.985 1.000 0.970 1.000 0.806 0.940 0.970 0.985 0.791 0.821 0.970 0.567 0.955 0.627 0.940 0.567 0.552 0.970 0.552 0.552 0.791 0.791 0.940 0.955 1.000 0.612 0.970 0.672 0.925 1.000 0.970 0.970 0.776 0.985 1.000 0.985 0.940 0.881 0.522 0.896 0.507 0.836 0.597 0.746 0.672 0.701 0.627 0.701 0.672 0.881 0.716 0.373 0.955 0.940 0.642 0.851 1.000 0.537 0.597 0.687 0.851 0.896 0.970 0.701 0.985 1.000 0.970 0.642 1.000 0.955 0.657 0.896 0.925 0.940 0.955 1.000 0.940 0.985 1.000 0.985 0.925 0.955 1.000 1.000 0.836 0.910 0.985 0.955 0.955 1.000 0.985 0.985 1.000 0.910 0.866 0.761 0.761 0.985 1.000 0.955 1.000 1.000 0.881 0.970 1.000 0.985 0.970 0.970 1.000 0.776 0.985 1.000 0.970 0.851 1.000 0.970 0.940 0.985 1.000 1.000 ]
Empty labelvectors (predicted) 0    
Label cardinality (predicted)  21.284
Levenshtein distance           0.13 


== Additional Measurements (averaged across folds)

Number of training instances   67
Number of test instances       67
Label cardinality (train set)  23.626
Label cardinality (test set)   23.586
Build Time                     0.254
Test Time                      0.032
Total Time                     0.285


Averaging: 0.3631005170192943