== Evaluation Info

Classifier                     Prepare_CC.Base_CC
Options                        [-S, 0, -W, weka.classifiers.trees.J48, --, -C, 0.25, -M, 2]
Additional Info                [148, 24, 147, 69, 114, 17, 98, 16, 1, 57, 32, 74, 144, 99, 101, 173, 46, 150, 51, 96, 34, 67, 164, 121, 26, 85, 105, 94, 6, 167, 8, 86, 59, 109, 2, 55, 97, 54, 49, 4, 76, 159, 91, 70, 15, 130, 18, 152, 22, 163, 172, 50, 93, 158, 39, 66, 64, 165, 72, 11, 9, 142, 153, 62, 61, 128, 48, 47, 169, 123, 133, 7, 87, 77, 116, 79, 45, 161, 157, 151, 71, 63, 162, 40, 58, 80, 75, 113, 145, 118, 35, 134, 95, 36, 0, 31, 89, 33, 131, 27, 65, 60, 88, 108, 84, 73, 83, 149, 136, 78, 141, 115, 166, 139, 102, 20, 28, 103, 120, 25, 127, 117, 14, 170, 125, 146, 107, 13, 12, 10, 29, 106, 138, 5, 21, 81, 119, 122, 112, 53, 23, 135, 19, 111, 3, 30, 37, 38, 41, 42, 43, 44, 52, 56, 68, 82, 90, 92, 100, 104, 110, 124, 126, 129, 132, 137, 140, 143, 154, 155, 156, 160, 168, 171]
Dataset                        CAL500
Number of labels (L)           174
Type                           ML-CV
Threshold                      0.5
Verbosity                      3


== Predictive Performance

Number of test instances (N)   
Accuracy                       0.317
Jaccard index                  0.317
Hamming score                  0.84 
Exact match                    0    
Jaccard distance               0.683
Hamming loss                   0.16 
ZeroOne loss                   1    
Harmonic score                 0.61 
One error                      0.429
Rank loss                      0.304
Avg precision                  0.325
Log Loss (lim. L)              0.827
Log Loss (lim. D)              0.681
F1 (micro averaged)            0.48 
F1 (macro averaged by example) 0.473
F1 (macro averaged by label)   0.136
AUPRC (macro averaged)         NaN
AUROC (macro averaged)         NaN
Curve Data                     
Macro Curve Data               
Micro Curve Data               
Label indices                  [     0     1     2     3     4     5     6     7     8     9    10    11    12    13    14    15    16    17    18    19    20    21    22    23    24    25    26    27    28    29    30    31    32    33    34    35    36    37    38    39    40    41    42    43    44    45    46    47    48    49    50    51    52    53    54    55    56    57    58    59    60    61    62    63    64    65    66    67    68    69    70    71    72    73    74    75    76    77    78    79    80    81    82    83    84    85    86    87    88    89    90    91    92    93    94    95    96    97    98    99   100   101   102   103   104   105   106   107   108   109   110   111   112   113   114   115   116   117   118   119   120   121   122   123   124   125   126   127   128   129   130   131   132   133   134   135   136   137   138   139   140   141   142   143   144   145   146   147   148   149   150   151   152   153   154   155   156   157   158   159   160   161   162   163   164   165   166   167   168   169   170   171   172   173 ]
Accuracy (per label)           [ 0.971 0.514 0.486 1.000 0.943 0.514 0.929 0.443 0.514 0.886 0.614 0.986 0.686 0.771 0.457 0.986 0.657 0.971 0.957 0.400 0.429 0.857 0.900 0.443 0.429 0.914 0.571 0.986 0.414 0.986 1.000 0.729 0.914 0.400 0.943 0.414 0.814 1.000 1.000 0.900 0.486 1.000 1.000 1.000 1.000 0.971 0.986 0.929 0.986 0.986 0.829 0.986 1.000 0.929 0.929 0.971 1.000 0.957 0.986 0.814 0.986 0.986 0.971 0.743 0.900 0.314 0.914 0.886 1.000 0.457 0.557 0.857 0.714 0.443 0.700 0.871 0.986 0.971 0.943 0.786 0.986 0.857 1.000 0.957 0.900 0.986 0.643 0.971 0.943 0.886 1.000 0.529 1.000 0.829 0.657 0.557 0.986 0.471 0.857 0.643 1.000 0.643 0.986 0.543 1.000 0.543 0.957 0.657 0.971 0.829 1.000 0.486 0.729 0.571 0.471 0.986 0.686 0.714 0.629 0.986 0.686 0.529 0.829 0.786 1.000 0.900 1.000 0.986 0.986 1.000 0.986 0.957 1.000 0.914 0.957 0.914 0.914 1.000 0.786 0.957 1.000 0.829 0.971 1.000 0.986 0.986 0.986 0.657 0.714 0.886 0.514 0.986 0.986 0.943 1.000 1.000 1.000 0.871 0.986 0.986 1.000 0.900 0.971 0.900 0.914 0.986 0.929 0.786 1.000 0.986 0.929 1.000 0.986 0.957 ]
Empty labelvectors (predicted) 0    
Label cardinality (predicted)  26.229
Levenshtein distance           0.138


== Additional Measurements (averaged across folds)

Number of training instances   70
Number of test instances       70
Label cardinality (train set)  27.429
Label cardinality (test set)   27.429
Build Time                     0.237
Test Time                      0.037
Total Time                     0.274


Averaging: 0.38571886228621755