== Evaluation Info

Classifier                     Prepare_CC.Base_CC
Options                        [-S, 0, -W, weka.classifiers.trees.J48, --, -C, 0.25, -M, 2]
Additional Info                [21, 90, 168, 134, 76, 116, 150, 1, 7, 95, 110, 142, 33, 101, 172, 15, 78, 141, 23, 6, 56, 108, 153, 127, 169, 119, 12, 86, 41, 58, 30, 39, 156, 45, 60, 112, 92, 65, 114, 5, 51, 104, 166, 149, 46, 128, 125, 52, 139, 9, 100, 102, 109, 132, 137, 164, 123, 24, 170, 67, 89, 68, 140, 147, 103, 158, 93, 71, 47, 32, 98, 75, 35, 148, 2, 91, 135, 130, 44, 117, 22, 40, 79, 10, 31, 20, 25, 16, 173, 85, 48, 36, 64, 154, 19, 72, 18, 113, 13, 152, 42, 96, 107, 43, 34, 70, 105, 14, 27, 171, 26, 17, 136, 69, 99, 29, 3, 155, 138, 144, 57, 160, 163, 37, 115, 159, 97, 167, 124, 73, 126, 63, 66, 74, 8, 87, 120, 83, 61, 28, 121, 165, 162, 161, 62, 118, 94, 54, 11, 146, 111, 53, 81, 129, 50, 0, 4, 38, 49, 55, 59, 77, 80, 82, 84, 88, 106, 122, 131, 133, 143, 145, 151, 157]
Dataset                        CAL500
Number of labels (L)           174
Type                           ML-CV
Threshold                      0.5
Verbosity                      3


== Predictive Performance

Number of test instances (N)   
Accuracy                       0.238
Jaccard index                  0.238
Hamming score                  0.831
Exact match                    0    
Jaccard distance               0.762
Hamming loss                   0.169
ZeroOne loss                   1    
Harmonic score                 0.493
One error                      0.197
Rank loss                      0.356
Avg precision                  0.259
Log Loss (lim. L)              0.874
Log Loss (lim. D)              0.722
F1 (micro averaged)            0.38 
F1 (macro averaged by example) 0.376
F1 (macro averaged by label)   0.11 
AUPRC (macro averaged)         NaN
AUROC (macro averaged)         NaN
Curve Data                     
Macro Curve Data               
Micro Curve Data               
Label indices                  [     0     1     2     3     4     5     6     7     8     9    10    11    12    13    14    15    16    17    18    19    20    21    22    23    24    25    26    27    28    29    30    31    32    33    34    35    36    37    38    39    40    41    42    43    44    45    46    47    48    49    50    51    52    53    54    55    56    57    58    59    60    61    62    63    64    65    66    67    68    69    70    71    72    73    74    75    76    77    78    79    80    81    82    83    84    85    86    87    88    89    90    91    92    93    94    95    96    97    98    99   100   101   102   103   104   105   106   107   108   109   110   111   112   113   114   115   116   117   118   119   120   121   122   123   124   125   126   127   128   129   130   131   132   133   134   135   136   137   138   139   140   141   142   143   144   145   146   147   148   149   150   151   152   153   154   155   156   157   158   159   160   161   162   163   164   165   166   167   168   169   170   171   172   173 ]
Accuracy (per label)           [ 1.000 0.718 0.859 0.465 1.000 0.620 0.521 0.831 0.662 0.817 0.746 0.676 0.465 0.901 0.901 0.549 0.606 0.775 0.563 0.873 0.690 0.648 0.563 0.746 0.606 0.986 0.465 0.930 0.746 0.732 0.831 0.521 0.465 0.761 0.423 0.775 0.817 0.944 1.000 0.972 0.704 0.930 0.803 0.930 0.944 0.972 0.972 0.958 0.986 1.000 0.986 0.958 0.845 0.789 0.803 1.000 0.986 0.845 0.845 1.000 0.789 0.986 0.930 0.803 0.718 0.732 0.944 0.761 0.972 0.535 0.577 0.972 0.451 0.563 0.915 0.732 0.944 1.000 0.958 0.648 1.000 0.718 1.000 0.930 1.000 0.930 0.831 0.958 1.000 0.930 0.915 0.535 0.761 0.986 0.423 0.944 0.437 0.817 0.507 0.690 0.577 0.479 0.887 0.521 0.915 0.507 1.000 0.718 0.789 0.831 0.986 0.606 0.423 0.718 0.690 0.915 0.873 0.451 0.944 0.986 0.930 0.662 1.000 0.972 0.746 0.915 0.972 0.944 0.831 0.986 0.915 1.000 0.972 1.000 0.972 0.915 0.944 0.986 0.648 0.944 0.986 0.873 0.901 1.000 0.986 1.000 0.986 0.915 0.690 0.845 0.789 1.000 0.986 0.817 0.958 0.972 0.986 1.000 0.930 0.986 0.958 0.958 0.817 0.986 0.958 0.986 0.986 0.986 0.901 0.972 0.817 0.930 0.958 0.986 ]
Empty labelvectors (predicted) 0    
Label cardinality (predicted)  21.338
Levenshtein distance           0.14 


== Additional Measurements (averaged across folds)

Number of training instances   71
Number of test instances       71
Label cardinality (train set)  26.183
Label cardinality (test set)   26.17
Build Time                     0.3  
Test Time                      0.038
Total Time                     0.338


Averaging: 0.3560695669884352