== Evaluation Info

Classifier                     Prepare_CC.Base_CC
Options                        [-S, 0, -W, weka.classifiers.trees.J48, --, -C, 0.25, -M, 2]
Additional Info                [12, 26, 36, 15, 32, 119, 92, 61, 147, 125, 68, 42, 121, 60, 30, 165, 96, 100, 7, 139, 111, 123, 89, 16, 64, 79, 33, 44, 3, 157, 27, 141, 146, 24, 148, 118, 70, 137, 162, 101, 112, 136, 117, 138, 152, 5, 55, 20, 135, 153, 102, 99, 6, 168, 75, 166, 63, 105, 14, 132, 145, 47, 72, 130, 149, 151, 19, 71, 167, 1, 10, 104, 46, 86, 53, 163, 0, 95, 107, 48, 28, 13, 143, 11, 113, 120, 171, 173, 114, 18, 29, 62, 109, 67, 74, 124, 31, 140, 57, 23, 73, 69, 59, 161, 133, 110, 52, 155, 54, 154, 81, 94, 34, 17, 134, 88, 144, 45, 49, 103, 170, 25, 108, 128, 126, 127, 50, 159, 84, 8, 91, 9, 150, 116, 22, 142, 93, 65, 35, 83, 2, 4, 98, 21, 82, 78, 131, 85, 122, 97, 40, 56, 37, 38, 39, 41, 43, 51, 58, 66, 76, 77, 80, 87, 90, 106, 115, 129, 156, 158, 160, 164, 169, 172]
Dataset                        CAL500
Number of labels (L)           174
Type                           ML-CV
Threshold                      0.5
Verbosity                      3


== Predictive Performance

Number of test instances (N)   
Accuracy                       0.237
Jaccard index                  0.237
Hamming score                  0.825
Exact match                    0    
Jaccard distance               0.763
Hamming loss                   0.175
ZeroOne loss                   1    
Harmonic score                 0.505
One error                      0.483
Rank loss                      0.36 
Avg precision                  0.254
Log Loss (lim. L)              0.904
Log Loss (lim. D)              0.712
F1 (micro averaged)            0.385
F1 (macro averaged by example) 0.377
F1 (macro averaged by label)   0.13 
AUPRC (macro averaged)         NaN
AUROC (macro averaged)         NaN
Curve Data                     
Macro Curve Data               
Micro Curve Data               
Label indices                  [     0     1     2     3     4     5     6     7     8     9    10    11    12    13    14    15    16    17    18    19    20    21    22    23    24    25    26    27    28    29    30    31    32    33    34    35    36    37    38    39    40    41    42    43    44    45    46    47    48    49    50    51    52    53    54    55    56    57    58    59    60    61    62    63    64    65    66    67    68    69    70    71    72    73    74    75    76    77    78    79    80    81    82    83    84    85    86    87    88    89    90    91    92    93    94    95    96    97    98    99   100   101   102   103   104   105   106   107   108   109   110   111   112   113   114   115   116   117   118   119   120   121   122   123   124   125   126   127   128   129   130   131   132   133   134   135   136   137   138   139   140   141   142   143   144   145   146   147   148   149   150   151   152   153   154   155   156   157   158   159   160   161   162   163   164   165   166   167   168   169   170   171   172   173 ]
Accuracy (per label)           [ 0.845 0.414 0.517 0.983 0.983 0.603 0.879 0.638 0.638 0.672 0.517 0.828 0.621 0.724 0.586 0.931 0.483 0.966 0.828 0.397 0.621 0.690 0.828 0.500 0.586 0.897 0.500 0.828 0.466 0.983 0.897 0.414 0.897 0.552 0.810 0.466 0.707 1.000 1.000 1.000 0.862 1.000 0.897 1.000 0.983 0.603 0.983 0.931 0.983 0.931 0.966 1.000 0.983 0.914 0.845 0.966 0.983 0.914 1.000 0.776 0.983 0.931 0.948 0.500 0.897 0.707 1.000 0.983 0.983 0.517 0.621 0.759 0.500 0.655 0.948 0.603 1.000 1.000 0.948 0.552 1.000 0.793 0.862 0.914 0.897 0.862 0.466 1.000 0.983 0.948 1.000 0.483 0.966 0.862 0.638 0.483 0.845 0.517 0.879 0.586 0.983 0.534 0.966 0.500 0.931 0.552 1.000 0.569 0.897 0.845 0.983 0.534 0.621 0.483 0.724 1.000 0.414 0.638 0.552 0.931 0.879 0.724 0.914 0.845 0.983 0.793 0.948 0.983 0.983 1.000 0.931 0.983 0.983 0.897 0.741 0.897 0.914 0.983 0.690 0.983 0.983 0.776 0.966 0.983 0.914 0.914 0.966 0.448 0.776 0.983 0.931 0.983 0.983 0.983 0.983 0.931 1.000 0.862 1.000 0.931 1.000 0.828 0.914 0.897 1.000 0.983 0.897 0.966 0.948 1.000 0.897 0.983 1.000 0.966 ]
Empty labelvectors (predicted) 0    
Label cardinality (predicted)  23.086
Levenshtein distance           0.145


== Additional Measurements (averaged across folds)

Number of training instances   58
Number of test instances       58
Label cardinality (train set)  26.482
Label cardinality (test set)   26.387
Build Time                     0.192
Test Time                      0.031
Total Time                     0.224


Averaging: 0.3540537217178407