== Evaluation Info

Classifier                     Prepare_CC.Base_CC
Options                        [-S, 0, -W, weka.classifiers.trees.J48, --, -C, 0.25, -M, 2]
Additional Info                [86, 161, 77, 63, 26, 18, 159, 162, 170, 2, 106, 92, 58, 7, 150, 138, 85, 74, 80, 112, 16, 3, 122, 68, 52, 39, 21, 165, 82, 100, 38, 54, 8, 36, 109, 120, 62, 141, 6, 13, 94, 143, 121, 33, 134, 156, 28, 71, 157, 32, 169, 101, 89, 115, 117, 14, 22, 140, 61, 136, 158, 148, 44, 29, 147, 50, 129, 155, 30, 132, 128, 172, 64, 51, 84, 118, 103, 90, 104, 25, 69, 55, 83, 97, 127, 76, 67, 19, 130, 70, 24, 124, 60, 31, 111, 47, 107, 17, 10, 53, 34, 99, 88, 4, 142, 81, 78, 93, 43, 96, 137, 133, 160, 166, 146, 73, 12, 27, 119, 164, 163, 56, 42, 135, 105, 154, 75, 153, 139, 57, 79, 59, 37, 113, 108, 126, 9, 11, 173, 87, 72, 66, 20, 35, 116, 0, 131, 102, 49, 15, 149, 167, 95, 5, 98, 41, 65, 91, 123, 40, 48, 145, 1, 45, 23, 125, 144, 114, 46, 110, 151, 152, 168, 171]
Dataset                        CAL500
Number of labels (L)           174
Type                           ML-CV
Threshold                      0.5
Verbosity                      3


== Predictive Performance

Number of test instances (N)   
Accuracy                       0.215
Jaccard index                  0.215
Hamming score                  0.835
Exact match                    0    
Jaccard distance               0.785
Hamming loss                   0.165
ZeroOne loss                   1    
Harmonic score                 0.462
One error                      0.427
Rank loss                      0.371
Avg precision                  0.234
Log Loss (lim. L)              0.849
Log Loss (lim. D)              0.793
F1 (micro averaged)            0.346
F1 (macro averaged by example) 0.347
F1 (macro averaged by label)   0.113
AUPRC (macro averaged)         NaN
AUROC (macro averaged)         NaN
Curve Data                     
Macro Curve Data               
Micro Curve Data               
Label indices                  [     0     1     2     3     4     5     6     7     8     9    10    11    12    13    14    15    16    17    18    19    20    21    22    23    24    25    26    27    28    29    30    31    32    33    34    35    36    37    38    39    40    41    42    43    44    45    46    47    48    49    50    51    52    53    54    55    56    57    58    59    60    61    62    63    64    65    66    67    68    69    70    71    72    73    74    75    76    77    78    79    80    81    82    83    84    85    86    87    88    89    90    91    92    93    94    95    96    97    98    99   100   101   102   103   104   105   106   107   108   109   110   111   112   113   114   115   116   117   118   119   120   121   122   123   124   125   126   127   128   129   130   131   132   133   134   135   136   137   138   139   140   141   142   143   144   145   146   147   148   149   150   151   152   153   154   155   156   157   158   159   160   161   162   163   164   165   166   167   168   169   170   171   172   173 ]
Accuracy (per label)           [ 0.984 0.556 0.702 0.742 0.935 0.548 0.742 0.710 0.613 0.605 0.677 0.621 0.677 0.734 0.790 0.597 0.540 0.669 0.718 0.669 0.613 0.556 0.782 0.597 0.532 0.831 0.556 0.790 0.621 0.790 0.887 0.468 0.823 0.581 0.831 0.524 0.589 0.976 0.992 0.968 0.677 0.992 0.976 0.960 0.992 0.984 1.000 0.976 0.976 0.992 0.976 0.992 0.968 0.815 0.911 0.992 0.992 0.968 0.911 0.823 0.960 0.968 0.895 0.750 0.879 0.645 0.952 0.734 0.871 0.524 0.645 0.935 0.685 0.605 0.661 0.839 0.992 0.968 0.911 0.694 0.984 0.815 0.919 0.944 0.879 0.944 0.645 0.944 0.952 0.919 0.992 0.653 0.702 0.927 0.589 0.702 0.742 0.750 0.831 0.556 0.774 0.597 0.742 0.565 0.863 0.484 0.976 0.815 0.734 0.831 1.000 0.573 0.637 0.613 0.653 0.879 0.855 0.484 0.863 0.992 0.806 0.645 0.960 0.952 0.863 0.935 0.976 0.944 0.976 0.992 0.919 0.984 0.992 0.992 0.935 0.976 0.984 0.984 0.839 0.968 0.992 0.911 0.984 0.984 0.992 0.984 0.976 0.871 0.823 0.871 0.790 1.000 1.000 0.911 0.992 0.992 0.992 0.863 0.984 0.992 0.984 0.944 0.976 0.863 0.960 0.968 0.960 0.903 1.000 0.984 0.903 1.000 0.976 0.992 ]
Empty labelvectors (predicted) 0    
Label cardinality (predicted)  19.411
Levenshtein distance           0.131


== Additional Measurements (averaged across folds)

Number of training instances   124
Number of test instances       124
Label cardinality (train set)  24.395
Label cardinality (test set)   24.373
Build Time                     0.534
Test Time                      0.063
Total Time                     0.597


Averaging: 0.3499983450107464