== Evaluation Info

Classifier                     Prepare_CC.Base_CC
Options                        [-S, 0, -W, weka.classifiers.trees.J48, --, -C, 0.25, -M, 2]
Additional Info                [129, 158, 41, 89, 30, 157, 48, 154, 87, 21, 131, 110, 43, 153, 139, 97, 73, 22, 17, 69, 111, 107, 120, 140, 130, 27, 39, 31, 6, 155, 1, 74, 164, 142, 85, 26, 24, 113, 152, 105, 63, 8, 70, 45, 126, 11, 106, 75, 56, 122, 149, 42, 65, 169, 117, 64, 25, 13, 59, 109, 62, 137, 79, 50, 35, 95, 66, 90, 34, 124, 172, 12, 76, 96, 23, 81, 15, 3, 82, 141, 28, 57, 4, 167, 60, 161, 20, 29, 148, 136, 68, 71, 108, 138, 18, 83, 92, 40, 99, 94, 102, 132, 135, 165, 103, 121, 2, 171, 91, 47, 52, 72, 168, 19, 118, 46, 146, 53, 16, 36, 86, 156, 166, 100, 160, 80, 115, 7, 14, 51, 163, 78, 101, 58, 150, 44, 54, 127, 114, 116, 67, 5, 33, 93, 162, 104, 125, 32, 147, 134, 9, 77, 128, 37, 98, 112, 170, 119, 173, 10, 0, 38, 49, 55, 61, 84, 88, 123, 133, 143, 144, 145, 151, 159]
Dataset                        CAL500
Number of labels (L)           174
Type                           ML-CV
Threshold                      0.5
Verbosity                      3


== Predictive Performance

Number of test instances (N)   
Accuracy                       0.28 
Jaccard index                  0.28 
Hamming score                  0.843
Exact match                    0    
Jaccard distance               0.72 
Hamming loss                   0.157
ZeroOne loss                   1    
Harmonic score                 0.558
One error                      0.108
Rank loss                      0.325
Avg precision                  0.29 
Log Loss (lim. L)              0.811
Log Loss (lim. D)              0.741
F1 (micro averaged)            0.436
F1 (macro averaged by example) 0.431
F1 (macro averaged by label)   0.14 
AUPRC (macro averaged)         NaN
AUROC (macro averaged)         NaN
Curve Data                     
Macro Curve Data               
Micro Curve Data               
Label indices                  [     0     1     2     3     4     5     6     7     8     9    10    11    12    13    14    15    16    17    18    19    20    21    22    23    24    25    26    27    28    29    30    31    32    33    34    35    36    37    38    39    40    41    42    43    44    45    46    47    48    49    50    51    52    53    54    55    56    57    58    59    60    61    62    63    64    65    66    67    68    69    70    71    72    73    74    75    76    77    78    79    80    81    82    83    84    85    86    87    88    89    90    91    92    93    94    95    96    97    98    99   100   101   102   103   104   105   106   107   108   109   110   111   112   113   114   115   116   117   118   119   120   121   122   123   124   125   126   127   128   129   130   131   132   133   134   135   136   137   138   139   140   141   142   143   144   145   146   147   148   149   150   151   152   153   154   155   156   157   158   159   160   161   162   163   164   165   166   167   168   169   170   171   172   173 ]
Accuracy (per label)           [ 1.000 0.883 0.946 0.459 0.991 0.631 0.477 0.982 0.730 0.586 0.901 0.568 0.541 0.892 0.991 0.568 0.775 0.595 0.468 0.955 0.802 0.477 0.577 0.739 0.450 0.991 0.595 0.676 0.811 0.649 0.703 0.595 0.432 0.892 0.595 0.757 0.766 0.973 1.000 0.982 0.793 0.982 0.901 0.946 0.964 0.982 0.964 0.973 0.991 1.000 0.991 0.964 0.829 0.775 0.838 1.000 0.991 0.856 0.793 0.973 0.874 1.000 0.892 0.820 0.865 0.847 0.973 0.712 0.982 0.559 0.667 0.973 0.468 0.640 0.973 0.658 0.982 0.991 0.964 0.577 0.982 0.595 0.982 0.946 1.000 0.874 0.919 0.973 1.000 0.964 0.937 0.667 0.793 0.955 0.450 0.991 0.532 0.937 0.468 0.874 0.405 0.541 0.856 0.604 0.712 0.604 0.982 0.658 0.712 0.793 0.991 0.793 0.514 0.712 0.847 0.937 0.973 0.514 0.982 0.955 0.946 0.703 0.991 1.000 0.730 0.946 0.973 0.892 0.874 0.937 0.856 0.991 0.973 1.000 0.982 0.946 0.955 0.991 0.568 0.955 0.991 0.883 0.910 1.000 1.000 1.000 0.991 0.883 0.775 0.820 0.883 1.000 0.991 0.802 0.937 0.937 0.937 0.991 0.973 1.000 0.973 0.928 0.946 0.991 0.982 0.982 0.982 0.973 0.964 0.982 0.919 0.901 0.973 0.991 ]
Empty labelvectors (predicted) 0    
Label cardinality (predicted)  22.495
Levenshtein distance           0.131


== Additional Measurements (averaged across folds)

Number of training instances   111
Number of test instances       111
Label cardinality (train set)  26.063
Label cardinality (test set)   26.053
Build Time                     0.472
Test Time                      0.058
Total Time                     0.53 


Averaging: 0.37439983134422633