== Evaluation Info

Classifier                     Prepare_CC.Base_CC
Options                        [-S, 0, -W, weka.classifiers.trees.J48, --, -C, 0.25, -M, 2]
Additional Info                [153, 113, 101, 131, 128, 25, 99, 155, 148, 121, 138, 144, 50, 7, 84, 77, 71, 122, 62, 172, 116, 118, 39, 59, 11, 120, 170, 82, 12, 63, 117, 26, 157, 87, 55, 15, 74, 45, 168, 0, 8, 66, 28, 139, 150, 90, 135, 141, 156, 86, 49, 149, 2, 33, 35, 126, 79, 161, 164, 136, 31, 151, 88, 98, 167, 13, 97, 38, 46, 9, 106, 133, 58, 163, 169, 142, 34, 56, 5, 69, 105, 130, 47, 146, 43, 53, 54, 73, 60, 140, 1, 22, 111, 173, 40, 85, 51, 171, 65, 29, 30, 80, 91, 4, 14, 72, 125, 23, 17, 110, 114, 123, 16, 19, 76, 95, 83, 109, 36, 89, 68, 166, 24, 134, 3, 37, 20, 27, 70, 32, 64, 147, 6, 18, 67, 104, 158, 152, 93, 42, 21, 75, 96, 107, 81, 127, 159, 103, 61, 108, 137, 94, 10, 92, 115, 78, 102, 57, 145, 112, 119, 41, 44, 48, 52, 100, 124, 129, 132, 143, 154, 160, 162, 165]
Dataset                        CAL500
Number of labels (L)           174
Type                           ML-CV
Threshold                      0.5
Verbosity                      3


== Predictive Performance

Number of test instances (N)   
Accuracy                       0.284
Jaccard index                  0.284
Hamming score                  0.841
Exact match                    0    
Jaccard distance               0.716
Hamming loss                   0.159
ZeroOne loss                   1    
Harmonic score                 0.562
One error                      0.544
Rank loss                      0.325
Avg precision                  0.294
Log Loss (lim. L)              0.822
Log Loss (lim. D)              0.738
F1 (micro averaged)            0.439
F1 (macro averaged by example) 0.436
F1 (macro averaged by label)   0.124
AUPRC (macro averaged)         NaN
AUROC (macro averaged)         NaN
Curve Data                     
Macro Curve Data               
Micro Curve Data               
Label indices                  [     0     1     2     3     4     5     6     7     8     9    10    11    12    13    14    15    16    17    18    19    20    21    22    23    24    25    26    27    28    29    30    31    32    33    34    35    36    37    38    39    40    41    42    43    44    45    46    47    48    49    50    51    52    53    54    55    56    57    58    59    60    61    62    63    64    65    66    67    68    69    70    71    72    73    74    75    76    77    78    79    80    81    82    83    84    85    86    87    88    89    90    91    92    93    94    95    96    97    98    99   100   101   102   103   104   105   106   107   108   109   110   111   112   113   114   115   116   117   118   119   120   121   122   123   124   125   126   127   128   129   130   131   132   133   134   135   136   137   138   139   140   141   142   143   144   145   146   147   148   149   150   151   152   153   154   155   156   157   158   159   160   161   162   163   164   165   166   167   168   169   170   171   172   173 ]
Accuracy (per label)           [ 0.825 0.447 0.534 0.981 0.981 0.534 0.961 0.447 0.534 0.660 0.612 0.845 0.631 0.748 0.573 0.961 0.524 0.854 0.961 0.515 0.709 0.583 0.951 0.563 0.524 0.883 0.505 0.835 0.369 0.981 0.990 0.592 0.971 0.592 0.981 0.544 0.602 0.990 0.981 0.951 0.670 1.000 0.990 0.990 1.000 0.816 0.990 0.903 1.000 0.883 0.903 0.990 1.000 0.913 0.971 0.981 0.990 0.971 0.981 0.942 0.981 0.951 0.922 0.602 0.971 0.466 0.932 0.942 0.990 0.553 0.437 0.913 0.553 0.573 0.699 0.806 0.922 0.981 0.961 0.738 0.990 0.854 0.981 0.961 0.942 0.990 0.631 0.981 0.981 0.961 0.990 0.544 0.951 0.854 0.583 0.563 0.981 0.553 0.961 0.670 1.000 0.563 0.981 0.553 0.932 0.427 0.971 0.699 0.903 0.864 0.990 0.515 0.777 0.544 0.650 0.932 0.718 0.563 0.728 0.990 0.903 0.388 0.874 0.893 1.000 0.854 0.971 0.981 0.981 1.000 0.951 0.981 1.000 0.883 0.903 0.981 0.961 0.981 0.816 0.961 0.981 0.903 0.942 1.000 0.951 0.981 0.981 0.689 0.854 0.854 0.845 0.981 0.961 0.922 1.000 0.990 0.981 0.961 0.990 0.951 1.000 0.825 1.000 0.913 0.922 1.000 0.932 0.786 0.990 0.990 0.786 0.981 0.990 0.971 ]
Empty labelvectors (predicted) 0    
Label cardinality (predicted)  23.039
Levenshtein distance           0.136


== Additional Measurements (averaged across folds)

Number of training instances   103
Number of test instances       103
Label cardinality (train set)  26.379
Label cardinality (test set)   26.375
Build Time                     0.416
Test Time                      0.048
Total Time                     0.464


Averaging: 0.3749209867532442