== Evaluation Info

Classifier                     Prepare_CC.Base_CC
Options                        [-S, 0, -W, weka.classifiers.trees.J48, --, -C, 0.25, -M, 2]
Additional Info                [133, 106, 170, 16, 37, 82, 29, 86, 163, 41, 20, 60, 24, 28, 136, 113, 9, 31, 3, 84, 15, 97, 167, 109, 116, 120, 13, 51, 134, 119, 107, 27, 126, 115, 123, 25, 10, 145, 46, 146, 147, 2, 30, 131, 127, 61, 166, 21, 0, 12, 35, 130, 70, 65, 151, 148, 36, 111, 73, 96, 150, 50, 14, 64, 79, 135, 141, 42, 77, 101, 6, 152, 57, 149, 45, 72, 144, 142, 159, 5, 100, 91, 69, 92, 138, 4, 103, 140, 59, 157, 117, 17, 155, 71, 105, 121, 94, 122, 26, 95, 125, 75, 33, 114, 1, 19, 74, 112, 99, 7, 81, 143, 68, 93, 124, 52, 11, 171, 23, 104, 128, 102, 108, 118, 40, 110, 49, 63, 67, 8, 18, 22, 32, 34, 38, 39, 43, 44, 47, 48, 53, 54, 55, 56, 58, 62, 66, 76, 78, 80, 83, 85, 87, 88, 89, 90, 98, 129, 132, 137, 139, 153, 154, 156, 158, 160, 161, 162, 164, 165, 168, 169, 172, 173]
Dataset                        CAL500
Number of labels (L)           174
Type                           ML-CV
Threshold                      0.5
Verbosity                      3


== Predictive Performance

Number of test instances (N)   
Accuracy                       0.355
Jaccard index                  0.355
Hamming score                  0.842
Exact match                    0    
Jaccard distance               0.645
Hamming loss                   0.158
ZeroOne loss                   1    
Harmonic score                 0.645
One error                      0.475
Rank loss                      0.299
Avg precision                  0.365
Log Loss (lim. L)              0.816
Log Loss (lim. D)              0.645
F1 (micro averaged)            0.523
F1 (macro averaged by example) 0.515
F1 (macro averaged by label)   0.165
AUPRC (macro averaged)         NaN
AUROC (macro averaged)         NaN
Curve Data                     
Macro Curve Data               
Micro Curve Data               
Label indices                  [     0     1     2     3     4     5     6     7     8     9    10    11    12    13    14    15    16    17    18    19    20    21    22    23    24    25    26    27    28    29    30    31    32    33    34    35    36    37    38    39    40    41    42    43    44    45    46    47    48    49    50    51    52    53    54    55    56    57    58    59    60    61    62    63    64    65    66    67    68    69    70    71    72    73    74    75    76    77    78    79    80    81    82    83    84    85    86    87    88    89    90    91    92    93    94    95    96    97    98    99   100   101   102   103   104   105   106   107   108   109   110   111   112   113   114   115   116   117   118   119   120   121   122   123   124   125   126   127   128   129   130   131   132   133   134   135   136   137   138   139   140   141   142   143   144   145   146   147   148   149   150   151   152   153   154   155   156   157   158   159   160   161   162   163   164   165   166   167   168   169   170   171   172   173 ]
Accuracy (per label)           [ 0.593 0.814 0.492 0.847 0.729 0.610 0.932 0.712 1.000 0.661 0.966 0.593 0.746 0.763 0.559 0.864 0.949 0.661 1.000 0.678 0.983 0.678 1.000 0.864 0.983 0.525 0.983 0.542 0.508 0.983 0.746 0.593 1.000 0.780 1.000 0.780 0.542 0.983 1.000 1.000 0.695 0.881 0.983 1.000 1.000 0.983 0.847 1.000 1.000 0.492 0.780 0.966 0.983 1.000 1.000 1.000 1.000 0.966 1.000 0.661 0.966 0.898 1.000 0.983 0.949 0.525 1.000 0.966 0.847 0.797 0.593 0.746 0.644 0.712 0.576 0.864 1.000 0.932 1.000 0.610 1.000 0.864 0.763 1.000 0.797 1.000 0.729 1.000 1.000 1.000 1.000 0.746 0.627 0.797 0.559 0.593 0.763 0.576 1.000 0.475 0.983 0.712 0.780 0.898 0.576 0.475 0.966 0.831 0.593 0.746 0.898 0.593 0.898 0.576 0.881 0.593 0.898 0.576 0.814 0.966 0.881 0.593 0.814 0.915 0.966 0.898 0.949 0.983 0.983 1.000 0.966 0.983 1.000 0.559 0.678 0.949 0.881 1.000 0.729 1.000 0.814 0.983 0.881 0.983 0.898 0.780 0.983 0.610 0.898 0.661 0.932 0.864 0.898 1.000 1.000 0.983 1.000 0.746 1.000 0.898 1.000 1.000 1.000 0.644 1.000 1.000 0.831 0.763 1.000 1.000 0.695 0.983 1.000 1.000 ]
Empty labelvectors (predicted) 0    
Label cardinality (predicted)  28.22
Levenshtein distance           0.138


== Additional Measurements (averaged across folds)

Number of training instances   59
Number of test instances       59
Label cardinality (train set)  29.457
Label cardinality (test set)   29.42
Build Time                     0.145
Test Time                      0.03 
Total Time                     0.175


Averaging: 0.3989579776063017