== Evaluation Info

Classifier                     Prepare_CC.Base_CC
Options                        [-S, 0, -W, weka.classifiers.trees.J48, --, -C, 0.25, -M, 2]
Additional Info                [167, 111, 11, 6, 5, 46, 160, 81, 22, 53, 71, 12, 52, 171, 115, 62, 142, 168, 34, 29, 117, 27, 120, 77, 82, 129, 65, 163, 59, 139, 97, 90, 17, 79, 30, 64, 44, 106, 51, 99, 36, 67, 23, 16, 35, 33, 135, 158, 92, 94, 37, 21, 86, 105, 125, 39, 109, 69, 85, 134, 60, 28, 57, 83, 173, 87, 114, 149, 119, 107, 112, 153, 108, 32, 162, 113, 20, 128, 130, 13, 72, 2, 54, 169, 102, 172, 138, 40, 76, 3, 148, 103, 9, 110, 8, 127, 137, 164, 101, 91, 170, 74, 66, 124, 19, 116, 26, 25, 31, 104, 95, 146, 1, 131, 70, 56, 96, 10, 98, 63, 100, 121, 165, 161, 141, 156, 75, 18, 15, 93, 42, 24, 7, 58, 147, 150, 73, 43, 0, 4, 14, 38, 41, 45, 47, 48, 49, 50, 55, 61, 68, 78, 80, 84, 88, 89, 118, 122, 123, 126, 132, 133, 136, 140, 143, 144, 145, 151, 152, 154, 155, 157, 159, 166]
Dataset                        CAL500
Number of labels (L)           174
Type                           ML-CV
Threshold                      0.5
Verbosity                      3


== Predictive Performance

Number of test instances (N)   
Accuracy                       0.277
Jaccard index                  0.277
Hamming score                  0.841
Exact match                    0    
Jaccard distance               0.723
Hamming loss                   0.159
ZeroOne loss                   1    
Harmonic score                 0.564
One error                      0.114
Rank loss                      0.319
Avg precision                  0.282
Log Loss (lim. L)              0.818
Log Loss (lim. D)              0.674
F1 (micro averaged)            0.431
F1 (macro averaged by example) 0.425
F1 (macro averaged by label)   0.136
AUPRC (macro averaged)         NaN
AUROC (macro averaged)         NaN
Curve Data                     
Macro Curve Data               
Micro Curve Data               
Label indices                  [     0     1     2     3     4     5     6     7     8     9    10    11    12    13    14    15    16    17    18    19    20    21    22    23    24    25    26    27    28    29    30    31    32    33    34    35    36    37    38    39    40    41    42    43    44    45    46    47    48    49    50    51    52    53    54    55    56    57    58    59    60    61    62    63    64    65    66    67    68    69    70    71    72    73    74    75    76    77    78    79    80    81    82    83    84    85    86    87    88    89    90    91    92    93    94    95    96    97    98    99   100   101   102   103   104   105   106   107   108   109   110   111   112   113   114   115   116   117   118   119   120   121   122   123   124   125   126   127   128   129   130   131   132   133   134   135   136   137   138   139   140   141   142   143   144   145   146   147   148   149   150   151   152   153   154   155   156   157   158   159   160   161   162   163   164   165   166   167   168   169   170   171   172   173 ]
Accuracy (per label)           [ 1.000 0.871 0.971 0.500 1.000 0.529 0.400 0.886 0.757 0.629 0.957 0.600 0.486 0.843 1.000 0.629 0.729 0.486 0.500 0.886 0.929 0.600 0.757 0.557 0.471 0.971 0.700 0.700 0.729 0.686 0.629 0.629 0.514 0.643 0.729 0.671 0.643 0.971 1.000 0.986 0.714 1.000 0.971 0.943 0.957 1.000 0.971 1.000 1.000 1.000 1.000 0.986 0.714 0.800 0.971 1.000 0.943 0.914 0.757 0.971 0.814 1.000 0.900 0.700 0.943 0.743 0.957 0.643 1.000 0.529 0.700 0.971 0.557 0.671 0.900 0.700 0.971 0.986 1.000 0.571 1.000 0.657 0.986 0.986 1.000 0.943 0.857 0.943 1.000 1.000 0.957 0.657 0.614 0.986 0.571 0.900 0.571 0.871 0.529 0.814 0.429 0.671 0.686 0.643 0.600 0.500 0.943 0.786 0.671 0.771 0.986 0.586 0.486 0.857 0.643 0.929 0.971 0.614 1.000 0.986 0.957 0.700 1.000 1.000 0.714 0.929 1.000 0.957 0.857 0.957 0.943 0.986 1.000 1.000 0.971 0.957 1.000 0.986 0.543 0.986 1.000 0.986 0.900 1.000 1.000 1.000 0.986 0.971 0.814 0.729 0.829 1.000 1.000 0.857 1.000 1.000 0.900 1.000 0.957 1.000 0.986 0.943 0.957 0.986 0.971 0.986 1.000 0.929 0.986 0.986 0.843 0.857 0.986 0.986 ]
Empty labelvectors (predicted) 0    
Label cardinality (predicted)  23.657
Levenshtein distance           0.13 


== Additional Measurements (averaged across folds)

Number of training instances   70
Number of test instances       70
Label cardinality (train set)  24.814
Label cardinality (test set)   24.814
Build Time                     0.214
Test Time                      0.038
Total Time                     0.253


Averaging: 0.3729104671309751