== Evaluation Info

Classifier                     Prepare_CC.Base_CC
Options                        [-S, 0, -W, weka.classifiers.trees.J48, --, -C, 0.25, -M, 2]
Additional Info                [64, 88, 45, 99, 158, 23, 156, 111, 76, 58, 65, 13, 73, 159, 62, 169, 157, 115, 120, 122, 6, 4, 173, 149, 25, 107, 118, 109, 90, 117, 11, 32, 104, 18, 27, 28, 138, 57, 161, 70, 165, 31, 167, 105, 15, 86, 67, 166, 29, 94, 163, 30, 36, 12, 93, 69, 78, 26, 49, 136, 96, 59, 135, 84, 150, 19, 151, 125, 9, 144, 145, 24, 40, 35, 54, 153, 126, 61, 2, 75, 53, 0, 123, 55, 51, 66, 85, 10, 112, 22, 152, 14, 33, 47, 46, 39, 79, 106, 116, 164, 162, 139, 114, 63, 97, 16, 128, 170, 80, 130, 89, 60, 140, 141, 92, 127, 102, 101, 108, 142, 68, 17, 8, 71, 74, 3, 133, 113, 7, 21, 72, 1, 121, 98, 147, 5, 148, 91, 103, 95, 82, 20, 119, 146, 81, 131, 77, 50, 134, 87, 34, 37, 38, 41, 42, 43, 44, 48, 52, 56, 83, 100, 110, 124, 129, 132, 137, 143, 154, 155, 160, 168, 171, 172]
Dataset                        CAL500
Number of labels (L)           174
Type                           ML-CV
Threshold                      0.5
Verbosity                      3


== Predictive Performance

Number of test instances (N)   
Accuracy                       0.28 
Jaccard index                  0.28 
Hamming score                  0.842
Exact match                    0    
Jaccard distance               0.72 
Hamming loss                   0.158
ZeroOne loss                   1    
Harmonic score                 0.56 
One error                      0.495
Rank loss                      0.33 
Avg precision                  0.288
Log Loss (lim. L)              0.815
Log Loss (lim. D)              0.726
F1 (micro averaged)            0.439
F1 (macro averaged by example) 0.429
F1 (macro averaged by label)   0.13 
AUPRC (macro averaged)         NaN
AUROC (macro averaged)         NaN
Curve Data                     
Macro Curve Data               
Micro Curve Data               
Label indices                  [     0     1     2     3     4     5     6     7     8     9    10    11    12    13    14    15    16    17    18    19    20    21    22    23    24    25    26    27    28    29    30    31    32    33    34    35    36    37    38    39    40    41    42    43    44    45    46    47    48    49    50    51    52    53    54    55    56    57    58    59    60    61    62    63    64    65    66    67    68    69    70    71    72    73    74    75    76    77    78    79    80    81    82    83    84    85    86    87    88    89    90    91    92    93    94    95    96    97    98    99   100   101   102   103   104   105   106   107   108   109   110   111   112   113   114   115   116   117   118   119   120   121   122   123   124   125   126   127   128   129   130   131   132   133   134   135   136   137   138   139   140   141   142   143   144   145   146   147   148   149   150   151   152   153   154   155   156   157   158   159   160   161   162   163   164   165   166   167   168   169   170   171   172   173 ]
Accuracy (per label)           [ 0.879 0.556 0.475 0.990 0.960 0.545 0.949 0.455 0.616 0.717 0.566 0.758 0.616 0.808 0.515 0.949 0.525 0.899 0.960 0.545 0.697 0.596 0.960 0.495 0.606 0.808 0.616 0.808 0.566 0.909 0.980 0.515 0.980 0.616 1.000 0.515 0.707 1.000 1.000 0.929 0.535 1.000 1.000 1.000 1.000 0.929 0.990 0.970 1.000 0.949 0.929 0.980 1.000 0.919 0.980 0.990 1.000 0.960 0.970 0.879 0.949 0.990 0.990 0.687 0.939 0.495 0.960 0.909 0.990 0.444 0.475 0.929 0.586 0.495 0.576 0.899 0.970 0.980 0.980 0.869 0.990 0.889 0.970 1.000 0.919 0.990 0.737 0.980 0.990 0.919 0.990 0.475 0.909 0.889 0.646 0.606 0.970 0.515 0.919 0.535 1.000 0.545 0.889 0.566 0.848 0.515 0.970 0.737 0.848 0.909 1.000 0.424 0.788 0.657 0.606 0.899 0.677 0.475 0.798 0.980 0.758 0.485 0.879 0.848 1.000 0.838 0.980 0.990 0.980 1.000 0.990 0.960 1.000 0.909 0.869 0.970 0.980 1.000 0.838 0.990 0.990 0.919 0.949 1.000 0.990 0.980 0.980 0.667 0.848 0.808 0.545 0.990 0.990 0.970 1.000 1.000 0.990 0.919 0.960 0.990 1.000 0.889 0.990 0.869 0.960 0.990 0.899 0.707 1.000 0.990 0.889 1.000 1.000 0.949 ]
Empty labelvectors (predicted) 0    
Label cardinality (predicted)  23.283
Levenshtein distance           0.136


== Additional Measurements (averaged across folds)

Number of training instances   99
Number of test instances       99
Label cardinality (train set)  25.727
Label cardinality (test set)   25.708
Build Time                     0.396
Test Time                      0.055
Total Time                     0.451


Averaging: 0.3738764736172058