== Evaluation Info

Classifier                     Prepare_CC.Base_CC
Options                        [-S, 0, -W, weka.classifiers.trees.J48, --, -C, 0.25, -M, 2]
Additional Info                [52, 99, 129, 149, 73, 47, 21, 93, 169, 1, 0, 143, 170, 39, 160, 53, 158, 75, 123, 156, 81, 79, 62, 127, 43, 159, 84, 114, 137, 48, 4, 145, 106, 71, 28, 144, 56, 58, 44, 148, 166, 107, 50, 91, 172, 162, 140, 33, 109, 92, 76, 74, 132, 65, 5, 103, 66, 105, 88, 85, 155, 77, 153, 154, 27, 150, 40, 161, 165, 9, 108, 117, 67, 37, 122, 54, 29, 17, 6, 12, 95, 22, 23, 34, 116, 7, 78, 124, 94, 63, 138, 125, 104, 130, 61, 64, 2, 89, 10, 26, 163, 13, 121, 98, 30, 115, 8, 15, 146, 111, 87, 142, 20, 59, 60, 97, 41, 139, 112, 128, 3, 102, 14, 82, 83, 19, 31, 25, 134, 147, 72, 70, 135, 16, 113, 120, 18, 24, 167, 35, 101, 69, 157, 164, 118, 96, 86, 57, 141, 42, 32, 38, 80, 36, 100, 68, 126, 11, 49, 45, 46, 51, 55, 90, 110, 119, 131, 133, 136, 151, 152, 168, 171, 173]
Dataset                        CAL500
Number of labels (L)           174
Type                           ML-CV
Threshold                      0.5
Verbosity                      3


== Predictive Performance

Number of test instances (N)   
Accuracy                       0.208
Jaccard index                  0.208
Hamming score                  0.832
Exact match                    0    
Jaccard distance               0.792
Hamming loss                   0.168
ZeroOne loss                   1    
Harmonic score                 0.462
One error                      0.45 
Rank loss                      0.364
Avg precision                  0.226
Log Loss (lim. L)              0.865
Log Loss (lim. D)              0.735
F1 (micro averaged)            0.34 
F1 (macro averaged by example) 0.339
F1 (macro averaged by label)   0.118
AUPRC (macro averaged)         NaN
AUROC (macro averaged)         NaN
Curve Data                     
Macro Curve Data               
Micro Curve Data               
Label indices                  [     0     1     2     3     4     5     6     7     8     9    10    11    12    13    14    15    16    17    18    19    20    21    22    23    24    25    26    27    28    29    30    31    32    33    34    35    36    37    38    39    40    41    42    43    44    45    46    47    48    49    50    51    52    53    54    55    56    57    58    59    60    61    62    63    64    65    66    67    68    69    70    71    72    73    74    75    76    77    78    79    80    81    82    83    84    85    86    87    88    89    90    91    92    93    94    95    96    97    98    99   100   101   102   103   104   105   106   107   108   109   110   111   112   113   114   115   116   117   118   119   120   121   122   123   124   125   126   127   128   129   130   131   132   133   134   135   136   137   138   139   140   141   142   143   144   145   146   147   148   149   150   151   152   153   154   155   156   157   158   159   160   161   162   163   164   165   166   167   168   169   170   171   172   173 ]
Accuracy (per label)           [ 0.975 0.575 0.700 0.750 0.938 0.575 0.563 0.725 0.750 0.563 0.738 0.475 0.488 0.775 0.838 0.613 0.700 0.588 0.500 0.725 0.763 0.463 0.588 0.700 0.500 0.888 0.600 0.713 0.738 0.788 0.775 0.475 0.563 0.638 0.638 0.650 0.675 0.975 0.988 0.950 0.750 0.988 0.963 0.950 0.988 1.000 1.000 0.988 0.950 0.975 0.975 1.000 0.925 0.775 0.888 1.000 0.988 0.963 0.888 0.875 0.950 0.975 0.863 0.788 0.863 0.713 0.975 0.738 0.900 0.688 0.650 0.925 0.688 0.613 0.675 0.700 0.988 0.950 0.913 0.575 0.975 0.713 0.913 0.938 0.913 0.950 0.788 0.913 0.950 0.938 1.000 0.550 0.763 0.875 0.575 0.788 0.663 0.800 0.738 0.575 0.750 0.675 0.650 0.563 0.875 0.438 0.988 0.838 0.625 0.900 1.000 0.588 0.713 0.625 0.725 0.888 0.925 0.425 0.925 1.000 0.863 0.550 0.963 0.975 0.713 0.938 0.975 0.950 0.975 0.988 0.888 1.000 0.988 1.000 0.950 0.975 1.000 0.975 0.738 0.925 0.988 0.925 0.988 0.950 0.988 0.988 0.963 0.938 0.875 0.875 0.900 1.000 1.000 0.925 0.988 0.988 0.988 0.888 0.988 0.988 0.925 0.963 0.988 0.888 0.988 0.988 0.950 0.863 1.000 0.988 0.875 1.000 0.975 1.000 ]
Empty labelvectors (predicted) 0    
Label cardinality (predicted)  19.9
Levenshtein distance           0.134


== Additional Measurements (averaged across folds)

Number of training instances   80
Number of test instances       80
Label cardinality (train set)  24.3
Label cardinality (test set)   24.3
Build Time                     0.298
Test Time                      0.044
Total Time                     0.343


Averaging: 0.3469409890415462