== Evaluation Info

Classifier                     Prepare_CC.Base_CC
Options                        [-S, 0, -W, weka.classifiers.trees.J48, --, -C, 0.25, -M, 2]
Additional Info                [63, 12, 114, 94, 148, 145, 127, 32, 106, 64, 133, 140, 33, 21, 126, 144, 61, 164, 50, 151, 18, 88, 11, 2, 123, 15, 82, 29, 131, 161, 67, 9, 37, 96, 78, 13, 74, 166, 128, 41, 92, 157, 56, 111, 146, 40, 93, 90, 97, 58, 24, 19, 141, 119, 107, 120, 27, 31, 1, 105, 124, 7, 66, 81, 8, 86, 65, 69, 152, 113, 135, 139, 167, 44, 0, 6, 16, 95, 68, 73, 70, 172, 53, 51, 112, 3, 57, 39, 62, 46, 134, 100, 101, 42, 71, 25, 138, 10, 98, 89, 72, 130, 104, 160, 75, 30, 35, 59, 125, 102, 79, 109, 17, 83, 117, 28, 84, 5, 147, 118, 150, 115, 142, 156, 149, 14, 121, 91, 49, 99, 108, 170, 110, 36, 163, 153, 23, 4, 43, 159, 103, 20, 22, 26, 34, 38, 45, 47, 48, 52, 54, 55, 60, 76, 77, 80, 85, 87, 116, 122, 129, 132, 136, 137, 143, 154, 155, 158, 162, 165, 168, 169, 171, 173]
Dataset                        CAL500
Number of labels (L)           174
Type                           ML-CV
Threshold                      0.5
Verbosity                      3


== Predictive Performance

Number of test instances (N)   
Accuracy                       0.302
Jaccard index                  0.302
Hamming score                  0.846
Exact match                    0    
Jaccard distance               0.698
Hamming loss                   0.154
ZeroOne loss                   1    
Harmonic score                 0.578
One error                      0.646
Rank loss                      0.324
Avg precision                  0.312
Log Loss (lim. L)              0.796
Log Loss (lim. D)              0.644
F1 (micro averaged)            0.458
F1 (macro averaged by example) 0.452
F1 (macro averaged by label)   0.136
AUPRC (macro averaged)         NaN
AUROC (macro averaged)         NaN
Curve Data                     
Macro Curve Data               
Micro Curve Data               
Label indices                  [     0     1     2     3     4     5     6     7     8     9    10    11    12    13    14    15    16    17    18    19    20    21    22    23    24    25    26    27    28    29    30    31    32    33    34    35    36    37    38    39    40    41    42    43    44    45    46    47    48    49    50    51    52    53    54    55    56    57    58    59    60    61    62    63    64    65    66    67    68    69    70    71    72    73    74    75    76    77    78    79    80    81    82    83    84    85    86    87    88    89    90    91    92    93    94    95    96    97    98    99   100   101   102   103   104   105   106   107   108   109   110   111   112   113   114   115   116   117   118   119   120   121   122   123   124   125   126   127   128   129   130   131   132   133   134   135   136   137   138   139   140   141   142   143   144   145   146   147   148   149   150   151   152   153   154   155   156   157   158   159   160   161   162   163   164   165   166   167   168   169   170   171   172   173 ]
Accuracy (per label)           [ 0.692 0.662 0.631 0.692 0.938 0.615 0.846 0.615 0.908 0.477 0.985 0.585 0.631 0.800 0.785 0.631 0.985 0.492 0.846 0.538 1.000 0.569 1.000 0.677 0.892 0.569 1.000 0.431 0.585 0.815 0.692 0.569 0.985 0.569 1.000 0.631 0.523 0.985 1.000 0.985 0.708 0.985 0.938 0.985 0.985 1.000 0.969 1.000 1.000 0.708 0.892 0.954 1.000 0.877 1.000 1.000 0.985 0.969 0.954 0.877 1.000 0.923 0.954 0.815 0.985 0.477 0.985 0.862 0.969 0.723 0.538 0.954 0.692 0.585 0.523 0.877 1.000 1.000 0.985 0.846 1.000 0.938 0.954 0.985 0.923 1.000 0.677 1.000 0.985 0.969 0.938 0.862 0.600 0.969 0.523 0.800 0.738 0.569 0.938 0.538 0.908 0.723 0.569 0.938 0.523 0.477 0.954 0.969 0.538 0.769 0.985 0.554 0.831 0.600 0.877 0.585 1.000 0.708 0.954 0.969 0.969 0.646 1.000 0.923 0.908 0.892 0.908 0.985 0.985 1.000 0.969 0.969 1.000 0.708 0.754 0.877 1.000 1.000 0.754 0.985 0.938 0.969 0.738 1.000 0.923 0.862 0.985 0.754 0.846 0.662 0.846 0.892 0.969 0.985 1.000 1.000 0.985 0.985 1.000 0.923 0.985 0.908 1.000 0.754 0.985 1.000 0.877 0.631 1.000 1.000 0.908 1.000 0.985 1.000 ]
Empty labelvectors (predicted) 0    
Label cardinality (predicted)  23.354
Levenshtein distance           0.134


== Additional Measurements (averaged across folds)

Number of training instances   65
Number of test instances       65
Label cardinality (train set)  26.124
Label cardinality (test set)   26.219
Build Time                     0.201
Test Time                      0.036
Total Time                     0.237


Averaging: 0.382734747304158