== Evaluation Info

Classifier                     Prepare_CC.Base_CC
Options                        [-S, 0, -W, weka.classifiers.trees.J48, --, -C, 0.25, -M, 2]
Additional Info                [7, 40, 15, 118, 5, 41, 130, 121, 164, 8, 52, 150, 27, 30, 99, 28, 139, 95, 57, 26, 29, 61, 36, 140, 62, 38, 68, 127, 126, 96, 162, 88, 157, 85, 34, 117, 59, 3, 81, 0, 106, 153, 72, 111, 63, 13, 163, 46, 165, 80, 100, 2, 104, 91, 167, 114, 47, 67, 98, 74, 77, 123, 132, 93, 105, 73, 107, 37, 11, 48, 87, 89, 161, 70, 108, 92, 149, 115, 146, 158, 12, 109, 97, 169, 134, 19, 148, 156, 60, 79, 16, 44, 155, 4, 6, 24, 135, 32, 10, 66, 23, 21, 86, 82, 113, 101, 141, 84, 143, 170, 71, 54, 145, 102, 14, 20, 125, 78, 94, 65, 124, 154, 128, 33, 75, 18, 53, 116, 103, 138, 31, 64, 129, 1, 17, 22, 120, 166, 137, 43, 25, 58, 50, 9, 35, 69, 112, 122, 39, 42, 147, 142, 83, 45, 49, 51, 55, 56, 76, 90, 110, 119, 131, 133, 136, 144, 151, 152, 159, 160, 168, 171, 172, 173]
Dataset                        CAL500
Number of labels (L)           174
Type                           ML-CV
Threshold                      0.5
Verbosity                      3


== Predictive Performance

Number of test instances (N)   
Accuracy                       0.224
Jaccard index                  0.224
Hamming score                  0.831
Exact match                    0    
Jaccard distance               0.776
Hamming loss                   0.169
ZeroOne loss                   1    
Harmonic score                 0.503
One error                      0.365
Rank loss                      0.341
Avg precision                  0.232
Log Loss (lim. L)              0.87 
Log Loss (lim. D)              0.699
F1 (micro averaged)            0.362
F1 (macro averaged by example) 0.361
F1 (macro averaged by label)   0.134
AUPRC (macro averaged)         NaN
AUROC (macro averaged)         NaN
Curve Data                     
Macro Curve Data               
Micro Curve Data               
Label indices                  [     0     1     2     3     4     5     6     7     8     9    10    11    12    13    14    15    16    17    18    19    20    21    22    23    24    25    26    27    28    29    30    31    32    33    34    35    36    37    38    39    40    41    42    43    44    45    46    47    48    49    50    51    52    53    54    55    56    57    58    59    60    61    62    63    64    65    66    67    68    69    70    71    72    73    74    75    76    77    78    79    80    81    82    83    84    85    86    87    88    89    90    91    92    93    94    95    96    97    98    99   100   101   102   103   104   105   106   107   108   109   110   111   112   113   114   115   116   117   118   119   120   121   122   123   124   125   126   127   128   129   130   131   132   133   134   135   136   137   138   139   140   141   142   143   144   145   146   147   148   149   150   151   152   153   154   155   156   157   158   159   160   161   162   163   164   165   166   167   168   169   170   171   172   173 ]
Accuracy (per label)           [ 0.921 0.651 0.683 0.667 0.937 0.651 0.587 0.556 0.587 0.667 0.635 0.556 0.444 0.714 0.905 0.476 0.619 0.603 0.619 0.825 0.698 0.524 0.571 0.619 0.476 0.921 0.540 0.762 0.714 0.762 0.794 0.603 0.698 0.698 0.698 0.603 0.603 0.984 0.984 0.968 0.667 0.952 0.968 0.968 0.984 1.000 0.984 0.984 0.984 1.000 0.968 1.000 0.921 0.667 0.921 1.000 1.000 0.968 0.937 0.857 0.937 0.984 0.968 0.778 0.905 0.603 0.968 0.730 0.937 0.603 0.413 0.873 0.698 0.540 0.667 0.635 1.000 0.905 0.921 0.571 0.984 0.683 0.937 0.952 0.905 0.921 0.841 0.905 0.984 0.984 1.000 0.524 0.698 0.952 0.476 0.778 0.571 0.825 0.698 0.619 0.841 0.762 0.714 0.587 0.905 0.460 0.984 0.873 0.651 0.952 1.000 0.556 0.603 0.746 0.698 0.968 0.968 0.397 0.905 1.000 0.889 0.603 0.984 0.968 0.778 0.968 0.968 0.921 0.984 0.984 0.825 1.000 0.984 1.000 0.857 0.984 1.000 0.952 0.698 0.984 0.984 0.984 0.984 0.905 1.000 0.984 0.968 0.921 0.937 0.841 0.873 1.000 1.000 0.841 0.984 0.984 0.984 0.873 0.984 1.000 1.000 0.984 0.984 0.857 0.984 0.984 0.984 0.921 1.000 0.984 0.905 1.000 1.000 1.000 ]
Empty labelvectors (predicted) 0    
Label cardinality (predicted)  22.206
Levenshtein distance           0.138


== Additional Measurements (averaged across folds)

Number of training instances   63
Number of test instances       63
Label cardinality (train set)  23.778
Label cardinality (test set)   23.798
Build Time                     0.19 
Test Time                      0.035
Total Time                     0.225


Averaging: 0.3516260141926347