== Evaluation Info

Classifier                     Prepare_CC.Base_CC
Options                        [-S, 0, -W, weka.classifiers.trees.J48, --, -C, 0.25, -M, 2]
Additional Info                [171, 113, 109, 29, 73, 92, 33, 5, 23, 119, 35, 26, 40, 70, 83, 145, 50, 7, 132, 68, 133, 150, 69, 4, 10, 11, 21, 95, 1, 147, 13, 75, 16, 47, 9, 115, 74, 110, 167, 99, 57, 168, 123, 84, 8, 30, 125, 157, 28, 42, 111, 65, 103, 114, 116, 59, 62, 17, 130, 134, 81, 142, 34, 12, 49, 138, 0, 15, 126, 131, 121, 85, 56, 64, 107, 91, 61, 135, 18, 105, 72, 149, 163, 36, 122, 162, 2, 86, 152, 31, 78, 146, 79, 102, 166, 159, 14, 82, 32, 45, 54, 96, 148, 63, 153, 140, 98, 141, 118, 161, 165, 136, 170, 104, 52, 53, 94, 71, 93, 108, 6, 22, 97, 143, 112, 101, 38, 172, 89, 137, 173, 117, 139, 151, 20, 27, 144, 58, 120, 25, 24, 19, 155, 3, 37, 39, 41, 43, 44, 46, 48, 51, 55, 60, 66, 67, 76, 77, 80, 87, 88, 90, 100, 106, 124, 127, 128, 129, 154, 156, 158, 160, 164, 169]
Dataset                        CAL500
Number of labels (L)           174
Type                           ML-CV
Threshold                      0.5
Verbosity                      3


== Predictive Performance

Number of test instances (N)   
Accuracy                       0.255
Jaccard index                  0.255
Hamming score                  0.829
Exact match                    0    
Jaccard distance               0.745
Hamming loss                   0.171
ZeroOne loss                   1    
Harmonic score                 0.527
One error                      0.523
Rank loss                      0.347
Avg precision                  0.269
Log Loss (lim. L)              0.882
Log Loss (lim. D)              0.713
F1 (micro averaged)            0.402
F1 (macro averaged by example) 0.397
F1 (macro averaged by label)   0.124
AUPRC (macro averaged)         NaN
AUROC (macro averaged)         NaN
Curve Data                     
Macro Curve Data               
Micro Curve Data               
Label indices                  [     0     1     2     3     4     5     6     7     8     9    10    11    12    13    14    15    16    17    18    19    20    21    22    23    24    25    26    27    28    29    30    31    32    33    34    35    36    37    38    39    40    41    42    43    44    45    46    47    48    49    50    51    52    53    54    55    56    57    58    59    60    61    62    63    64    65    66    67    68    69    70    71    72    73    74    75    76    77    78    79    80    81    82    83    84    85    86    87    88    89    90    91    92    93    94    95    96    97    98    99   100   101   102   103   104   105   106   107   108   109   110   111   112   113   114   115   116   117   118   119   120   121   122   123   124   125   126   127   128   129   130   131   132   133   134   135   136   137   138   139   140   141   142   143   144   145   146   147   148   149   150   151   152   153   154   155   156   157   158   159   160   161   162   163   164   165   166   167   168   169   170   171   172   173 ]
Accuracy (per label)           [ 0.769 0.446 0.600 1.000 0.985 0.492 0.969 0.523 0.708 0.538 0.600 0.538 0.615 0.692 0.600 0.908 0.569 0.785 0.954 0.569 0.708 0.569 0.938 0.492 0.662 0.738 0.646 0.600 0.446 0.985 0.969 0.446 0.985 0.585 0.923 0.523 0.677 1.000 0.954 1.000 0.877 1.000 0.985 1.000 1.000 0.723 1.000 0.923 1.000 0.831 0.969 1.000 0.985 0.908 0.938 1.000 0.985 0.969 0.985 0.831 1.000 0.785 0.969 0.600 0.954 0.677 1.000 1.000 0.938 0.585 0.600 0.785 0.492 0.523 0.738 0.662 1.000 1.000 0.985 0.615 1.000 0.769 0.862 0.908 0.908 0.877 0.585 1.000 1.000 0.985 1.000 0.462 0.954 0.892 0.754 0.585 0.877 0.446 0.969 0.692 1.000 0.523 0.831 0.585 0.708 0.554 1.000 0.646 0.785 0.785 0.954 0.646 0.662 0.538 0.785 0.985 0.646 0.600 0.631 0.954 0.923 0.600 0.954 0.877 1.000 0.815 0.831 1.000 1.000 1.000 0.969 0.908 0.985 0.769 0.769 0.846 0.892 0.985 0.923 0.985 0.938 0.923 0.846 0.985 0.785 0.938 0.938 0.508 0.877 0.938 0.938 0.923 0.969 0.985 1.000 0.985 1.000 0.862 1.000 0.800 1.000 0.908 0.969 0.892 1.000 0.985 0.908 0.846 0.969 1.000 0.862 0.938 0.969 0.985 ]
Empty labelvectors (predicted) 0    
Label cardinality (predicted)  23.354
Levenshtein distance           0.14 


== Additional Measurements (averaged across folds)

Number of training instances   65
Number of test instances       65
Label cardinality (train set)  26.416
Label cardinality (test set)   26.429
Build Time                     0.195
Test Time                      0.037
Total Time                     0.232


Averaging: 0.3613181963972374