== Evaluation Info

Classifier                     Prepare_CC.Base_CC
Options                        [-S, 0, -W, weka.classifiers.trees.J48, --, -C, 0.25, -M, 2]
Additional Info                [5, 37, 153, 28, 9, 64, 70, 106, 22, 114, 83, 140, 80, 35, 88, 23, 119, 75, 157, 93, 86, 107, 121, 50, 73, 97, 151, 12, 170, 76, 123, 18, 173, 77, 89, 27, 136, 68, 69, 0, 172, 51, 65, 161, 105, 145, 74, 164, 113, 11, 117, 21, 10, 158, 6, 57, 78, 118, 71, 24, 60, 2, 47, 63, 87, 169, 36, 127, 33, 8, 125, 66, 55, 79, 166, 53, 31, 95, 162, 111, 163, 109, 40, 26, 13, 122, 14, 34, 29, 139, 99, 45, 133, 147, 98, 20, 128, 102, 25, 134, 131, 32, 92, 91, 94, 96, 46, 81, 67, 4, 120, 49, 138, 16, 116, 58, 115, 148, 62, 167, 82, 141, 17, 135, 59, 7, 150, 103, 39, 54, 19, 149, 15, 112, 72, 101, 1, 130, 84, 142, 104, 156, 165, 146, 3, 30, 38, 41, 42, 43, 44, 48, 52, 56, 61, 85, 90, 100, 108, 110, 124, 126, 129, 132, 137, 143, 144, 152, 154, 155, 159, 160, 168, 171]
Dataset                        CAL500
Number of labels (L)           174
Type                           ML-CV
Threshold                      0.5
Verbosity                      3


== Predictive Performance

Number of test instances (N)   
Accuracy                       0.304
Jaccard index                  0.304
Hamming score                  0.839
Exact match                    0    
Jaccard distance               0.696
Hamming loss                   0.161
ZeroOne loss                   1    
Harmonic score                 0.598
One error                      0.394
Rank loss                      0.306
Avg precision                  0.311
Log Loss (lim. L)              0.833
Log Loss (lim. D)              0.688
F1 (micro averaged)            0.467
F1 (macro averaged by example) 0.458
F1 (macro averaged by label)   0.136
AUPRC (macro averaged)         NaN
AUROC (macro averaged)         NaN
Curve Data                     
Macro Curve Data               
Micro Curve Data               
Label indices                  [     0     1     2     3     4     5     6     7     8     9    10    11    12    13    14    15    16    17    18    19    20    21    22    23    24    25    26    27    28    29    30    31    32    33    34    35    36    37    38    39    40    41    42    43    44    45    46    47    48    49    50    51    52    53    54    55    56    57    58    59    60    61    62    63    64    65    66    67    68    69    70    71    72    73    74    75    76    77    78    79    80    81    82    83    84    85    86    87    88    89    90    91    92    93    94    95    96    97    98    99   100   101   102   103   104   105   106   107   108   109   110   111   112   113   114   115   116   117   118   119   120   121   122   123   124   125   126   127   128   129   130   131   132   133   134   135   136   137   138   139   140   141   142   143   144   145   146   147   148   149   150   151   152   153   154   155   156   157   158   159   160   161   162   163   164   165   166   167   168   169   170   171   172   173 ]
Accuracy (per label)           [ 0.958 0.549 0.479 1.000 0.887 0.535 0.915 0.493 0.577 0.789 0.479 0.958 0.676 0.718 0.437 0.972 0.606 0.986 0.887 0.507 0.577 0.789 0.930 0.535 0.592 0.873 0.507 0.930 0.437 0.972 1.000 0.690 0.972 0.577 0.972 0.535 0.676 0.986 1.000 0.930 0.394 1.000 1.000 1.000 1.000 0.972 0.986 0.958 1.000 0.986 0.930 0.986 1.000 0.901 0.958 0.986 1.000 0.915 0.958 0.831 0.901 1.000 0.986 0.817 0.915 0.380 0.958 0.887 0.901 0.423 0.465 0.873 0.521 0.535 0.704 0.845 0.986 0.972 0.972 0.732 0.986 0.845 0.972 0.986 0.859 1.000 0.563 0.972 0.972 0.930 1.000 0.507 0.972 0.887 0.648 0.465 0.972 0.507 0.887 0.648 1.000 0.620 0.986 0.577 0.986 0.521 0.901 0.592 1.000 0.887 1.000 0.465 0.676 0.592 0.465 0.972 0.507 0.620 0.676 0.986 0.761 0.451 0.831 0.817 1.000 0.859 1.000 0.986 0.986 1.000 0.972 0.930 1.000 0.958 0.986 0.958 0.972 1.000 0.873 0.972 0.986 0.901 0.972 1.000 1.000 0.986 0.972 0.676 0.746 0.944 0.592 0.986 1.000 0.915 1.000 1.000 0.986 0.845 0.930 1.000 1.000 0.944 0.986 0.817 0.958 0.986 0.873 0.817 1.000 0.986 0.817 1.000 0.986 0.972 ]
Empty labelvectors (predicted) 0    
Label cardinality (predicted)  25.746
Levenshtein distance           0.136


== Additional Measurements (averaged across folds)

Number of training instances   71
Number of test instances       71
Label cardinality (train set)  26.901
Label cardinality (test set)   26.852
Build Time                     0.232
Test Time                      0.042
Total Time                     0.274


Averaging: 0.38096054209778