== Evaluation Info

Classifier                     Prepare_CC.Base_CC
Options                        [-S, 0, -W, weka.classifiers.trees.J48, --, -C, 0.25, -M, 2]
Additional Info                [112, 30, 123, 46, 132, 90, 59, 137, 6, 99, 165, 19, 50, 110, 81, 115, 25, 56, 126, 2, 150, 54, 164, 44, 11, 162, 104, 20, 28, 43, 74, 34, 128, 73, 106, 93, 41, 117, 83, 167, 125, 100, 42, 130, 91, 10, 172, 101, 39, 103, 113, 118, 96, 158, 21, 57, 51, 67, 147, 94, 12, 127, 153, 3, 114, 79, 9, 142, 170, 40, 141, 166, 23, 22, 18, 138, 168, 53, 134, 146, 15, 124, 65, 69, 152, 161, 139, 86, 17, 85, 92, 63, 120, 75, 160, 77, 129, 76, 109, 13, 64, 105, 36, 135, 95, 66, 163, 68, 169, 33, 37, 156, 1, 154, 27, 136, 89, 155, 5, 45, 14, 97, 8, 111, 108, 26, 32, 70, 119, 148, 31, 149, 121, 171, 78, 60, 140, 116, 98, 58, 102, 87, 35, 29, 72, 62, 24, 7, 107, 16, 52, 0, 4, 38, 47, 48, 49, 55, 61, 71, 80, 82, 84, 88, 122, 131, 133, 143, 144, 145, 151, 157, 159, 173]
Dataset                        CAL500
Number of labels (L)           174
Type                           ML-CV
Threshold                      0.5
Verbosity                      3


== Predictive Performance

Number of test instances (N)   
Accuracy                       0.279
Jaccard index                  0.279
Hamming score                  0.848
Exact match                    0    
Jaccard distance               0.721
Hamming loss                   0.152
ZeroOne loss                   1    
Harmonic score                 0.55 
One error                      0.086
Rank loss                      0.32 
Avg precision                  0.288
Log Loss (lim. L)              0.783
Log Loss (lim. D)              0.667
F1 (micro averaged)            0.432
F1 (macro averaged by example) 0.429
F1 (macro averaged by label)   0.122
AUPRC (macro averaged)         NaN
AUROC (macro averaged)         NaN
Curve Data                     
Macro Curve Data               
Micro Curve Data               
Label indices                  [     0     1     2     3     4     5     6     7     8     9    10    11    12    13    14    15    16    17    18    19    20    21    22    23    24    25    26    27    28    29    30    31    32    33    34    35    36    37    38    39    40    41    42    43    44    45    46    47    48    49    50    51    52    53    54    55    56    57    58    59    60    61    62    63    64    65    66    67    68    69    70    71    72    73    74    75    76    77    78    79    80    81    82    83    84    85    86    87    88    89    90    91    92    93    94    95    96    97    98    99   100   101   102   103   104   105   106   107   108   109   110   111   112   113   114   115   116   117   118   119   120   121   122   123   124   125   126   127   128   129   130   131   132   133   134   135   136   137   138   139   140   141   142   143   144   145   146   147   148   149   150   151   152   153   154   155   156   157   158   159   160   161   162   163   164   165   166   167   168   169   170   171   172   173 ]
Accuracy (per label)           [ 1.000 0.914 0.963 0.494 1.000 0.556 0.469 0.938 0.815 0.704 0.963 0.519 0.556 0.938 0.988 0.580 0.827 0.630 0.531 0.901 0.877 0.617 0.617 0.704 0.519 0.988 0.679 0.840 0.728 0.753 0.765 0.654 0.531 0.840 0.543 0.765 0.704 0.975 1.000 0.975 0.741 0.975 0.914 0.963 0.975 0.988 0.938 1.000 1.000 1.000 0.988 0.963 0.790 0.765 0.938 1.000 0.975 0.827 0.728 0.988 0.864 1.000 0.840 0.741 0.852 0.765 0.938 0.802 0.988 0.630 0.667 1.000 0.432 0.556 0.951 0.704 0.975 0.988 0.988 0.617 1.000 0.605 1.000 0.963 1.000 0.852 0.889 0.975 1.000 0.988 0.864 0.593 0.630 0.988 0.469 0.975 0.519 0.926 0.543 0.852 0.494 0.568 0.815 0.568 0.815 0.556 0.975 0.691 0.691 0.901 0.988 0.778 0.494 0.840 0.840 0.926 0.938 0.580 0.975 0.975 0.951 0.679 1.000 0.988 0.691 0.963 0.938 0.889 0.877 0.963 0.852 1.000 0.951 1.000 0.988 0.975 0.988 0.975 0.481 0.988 0.988 0.963 0.914 1.000 1.000 1.000 0.988 0.889 0.778 0.815 0.864 1.000 0.988 0.840 0.988 0.963 0.914 1.000 0.988 1.000 0.988 0.938 0.877 0.988 0.963 0.988 0.988 0.963 0.975 0.975 0.901 0.901 0.975 1.000 ]
Empty labelvectors (predicted) 0    
Label cardinality (predicted)  21.235
Levenshtein distance           0.127


== Additional Measurements (averaged across folds)

Number of training instances   81
Number of test instances       81
Label cardinality (train set)  25.259
Label cardinality (test set)   25.249
Build Time                     0.309
Test Time                      0.045
Total Time                     0.355


Averaging: 0.375635701270532