== Evaluation Info

Classifier                     Prepare_CC.Base_CC
Options                        [-S, 0, -W, weka.classifiers.trees.J48, --, -C, 0.25, -M, 2]
Additional Info                [117, 151, 23, 98, 160, 24, 76, 133, 11, 149, 131, 138, 120, 13, 26, 48, 33, 161, 130, 32, 66, 6, 159, 30, 31, 136, 88, 122, 112, 14, 58, 124, 2, 155, 78, 61, 111, 157, 106, 21, 107, 97, 56, 125, 41, 68, 89, 100, 110, 35, 45, 15, 94, 43, 86, 81, 101, 153, 59, 103, 162, 144, 1, 4, 34, 54, 109, 113, 52, 57, 47, 62, 64, 127, 67, 146, 154, 8, 141, 28, 77, 116, 95, 37, 156, 84, 102, 69, 22, 132, 148, 49, 74, 20, 10, 91, 50, 38, 44, 119, 79, 140, 145, 80, 18, 137, 142, 123, 5, 115, 134, 108, 143, 105, 104, 0, 55, 92, 7, 72, 96, 36, 12, 60, 139, 85, 42, 121, 19, 40, 126, 51, 87, 16, 82, 118, 70, 150, 25, 114, 128, 63, 90, 71, 93, 135, 3, 27, 46, 99, 152, 9, 73, 129, 75, 65, 158, 53, 147, 29, 83, 39, 17]
Dataset                        CAL500
Number of labels (L)           163
Type                           ML-CV
Threshold                      0.5
Verbosity                      3


== Predictive Performance

Number of test instances (N)   
Accuracy                       0.191
Jaccard index                  0.191
Hamming score                  0.81 
Exact match                    0    
Jaccard distance               0.809
Hamming loss                   0.19 
ZeroOne loss                   1    
Harmonic score                 0.442
One error                      0.408
Rank loss                      0.396
Avg precision                  0.219
Log Loss (lim. L)              0.966
Log Loss (lim. D)              0.869
F1 (micro averaged)            0.316
F1 (macro averaged by example) 0.315
F1 (macro averaged by label)   0.122
AUPRC (macro averaged)         0.151
AUROC (macro averaged)         0.493
Curve Data                     
Macro Curve Data               
Micro Curve Data               
Label indices                  [     0     1     2     3     4     5     6     7     8     9    10    11    12    13    14    15    16    17    18    19    20    21    22    23    24    25    26    27    28    29    30    31    32    33    34    35    36    37    38    39    40    41    42    43    44    45    46    47    48    49    50    51    52    53    54    55    56    57    58    59    60    61    62    63    64    65    66    67    68    69    70    71    72    73    74    75    76    77    78    79    80    81    82    83    84    85    86    87    88    89    90    91    92    93    94    95    96    97    98    99   100   101   102   103   104   105   106   107   108   109   110   111   112   113   114   115   116   117   118   119   120   121   122   123   124   125   126   127   128   129   130   131   132   133   134   135   136   137   138   139   140   141   142   143   144   145   146   147   148   149   150   151   152   153   154   155   156   157   158   159   160   161   162 ]
Accuracy (per label)           [ 0.980 0.500 0.663 0.714 0.929 0.551 0.571 0.776 0.571 0.714 0.673 0.561 0.510 0.745 0.786 0.571 0.582 0.765 0.622 0.786 0.551 0.551 0.602 0.510 0.429 0.918 0.592 0.827 0.653 0.796 0.827 0.510 0.653 0.684 0.704 0.531 0.704 0.959 0.990 0.949 0.745 0.990 0.969 0.969 0.990 0.980 0.990 0.969 0.990 0.980 0.959 0.786 0.918 0.990 0.990 0.969 0.857 0.786 0.949 0.980 0.918 0.653 0.888 0.643 0.969 0.786 0.816 0.622 0.561 0.878 0.643 0.480 0.755 0.612 0.990 0.980 0.867 0.429 0.980 0.724 0.898 0.918 0.898 0.949 0.765 0.959 0.908 0.888 0.551 0.745 0.898 0.622 0.663 0.643 0.684 0.755 0.612 0.724 0.653 0.765 0.459 0.918 0.520 0.990 0.816 0.755 0.857 0.418 0.469 0.622 0.582 0.888 0.796 0.490 0.878 0.990 0.847 0.551 0.939 0.969 0.765 0.949 0.959 0.969 0.959 0.990 0.939 0.990 0.990 0.908 0.929 0.980 0.765 0.959 0.990 0.949 0.990 0.980 0.990 0.990 0.969 0.878 0.878 0.837 0.878 0.867 0.990 0.990 0.990 0.827 0.990 0.990 0.980 0.908 0.980 0.847 0.980 0.990 0.969 0.929 0.990 0.827 0.969 ]
Empty labelvectors (predicted) 0    
Label cardinality (predicted)  21.01
Levenshtein distance           0.146


== Additional Measurements (averaged across folds)

Number of training instances   98
Number of test instances       98
Label cardinality (train set)  24.132
Label cardinality (test set)   24.116
Build Time                     0.549
Test Time                      0.069
Total Time                     0.618


Averaging: 0.33396756621697365