== Evaluation Info

Classifier                     Prepare_CC.Base_CC
Options                        [-S, 0, -W, weka.classifiers.trees.J48, --, -C, 0.25, -M, 2]
Additional Info                [136, 18, 39, 46, 16, 73, 130, 35, 43, 82, 123, 47, 1, 69, 138, 60, 25, 124, 131, 3, 141, 129, 102, 107, 0, 31, 72, 108, 5, 92, 65, 140, 45, 59, 2, 19, 126, 76, 125, 11, 56, 90, 74, 58, 135, 8, 122, 81, 137, 88, 64, 20, 15, 106, 33, 127, 89, 109, 75, 134, 26, 61, 86, 120, 6, 142, 116, 12, 121, 48, 63, 103, 66, 17, 80, 113, 85, 93, 38, 101, 70, 68, 112, 29, 10, 128, 54, 104, 119, 114, 71, 110, 21, 77, 36, 98, 53, 24, 62, 132, 83, 13, 67, 87, 28, 105, 37, 32, 55, 133, 99, 30, 115, 100, 57, 139, 44, 143, 111, 94, 40, 95, 23, 7, 14, 49, 4, 50, 9, 22, 84, 97, 34, 96, 51, 91, 52, 79, 117, 27, 41, 118, 78, 42, 144]
Dataset                        CAL500
Number of labels (L)           145
Type                           ML-CV
Threshold                      0.5
Verbosity                      3


== Predictive Performance

Number of test instances (N)   
Accuracy                       0.283
Jaccard index                  0.283
Hamming score                  0.813
Exact match                    0    
Jaccard distance               0.717
Hamming loss                   0.187
ZeroOne loss                   1    
Harmonic score                 0.557
One error                      0.055
Rank loss                      0.332
Avg precision                  0.311
Log Loss (lim. L)              0.93 
Log Loss (lim. D)              0.843
F1 (micro averaged)            0.439
F1 (macro averaged by example) 0.436
F1 (macro averaged by label)   0.153
AUPRC (macro averaged)         0.184
AUROC (macro averaged)         0.497
Curve Data                     
Macro Curve Data               
Micro Curve Data               
Label indices                  [     0     1     2     3     4     5     6     7     8     9    10    11    12    13    14    15    16    17    18    19    20    21    22    23    24    25    26    27    28    29    30    31    32    33    34    35    36    37    38    39    40    41    42    43    44    45    46    47    48    49    50    51    52    53    54    55    56    57    58    59    60    61    62    63    64    65    66    67    68    69    70    71    72    73    74    75    76    77    78    79    80    81    82    83    84    85    86    87    88    89    90    91    92    93    94    95    96    97    98    99   100   101   102   103   104   105   106   107   108   109   110   111   112   113   114   115   116   117   118   119   120   121   122   123   124   125   126   127   128   129   130   131   132   133   134   135   136   137   138   139   140   141   142   143   144 ]
Accuracy (per label)           [ 0.945 0.978 0.418 0.538 0.593 0.989 0.714 0.714 0.879 0.604 0.440 0.945 0.604 0.670 0.560 0.440 0.934 0.747 0.549 0.593 0.626 0.560 0.989 0.604 0.747 0.824 0.560 0.692 0.637 0.538 0.945 0.571 0.714 0.802 0.967 0.978 0.857 0.879 0.868 0.967 0.989 0.967 0.967 0.978 0.802 0.791 0.813 0.989 0.890 0.780 0.989 0.802 0.824 0.769 0.835 0.857 0.956 0.670 0.626 0.670 0.989 0.473 0.769 0.967 0.736 0.956 0.989 0.956 0.560 0.967 0.549 0.967 0.824 0.901 0.967 0.989 0.945 0.582 0.758 0.989 0.440 0.989 0.604 0.956 0.484 0.868 0.571 0.560 0.824 0.593 0.747 0.560 0.978 0.681 0.648 0.780 0.989 0.824 0.429 0.824 0.769 0.945 0.956 0.571 0.978 0.967 0.956 0.670 0.692 0.978 0.967 0.879 0.824 0.956 0.835 0.956 0.945 0.923 0.978 0.626 0.945 0.934 0.934 0.989 0.912 0.747 0.824 0.923 0.824 0.945 0.978 0.890 0.978 0.956 0.923 0.912 0.967 0.978 0.967 0.967 0.978 0.879 0.879 0.978 0.989 ]
Empty labelvectors (predicted) 0    
Label cardinality (predicted)  22.231
Levenshtein distance           0.158


== Additional Measurements (averaged across folds)

Number of training instances   91
Number of test instances       91
Label cardinality (train set)  26.066
Label cardinality (test set)   26.063
Build Time                     0.326
Test Time                      0.029
Total Time                     0.356


Averaging: 0.3655028465423524