== Evaluation Info

Classifier                     Prepare_CC.Base_CC
Options                        [-S, 0, -W, weka.classifiers.trees.J48, --, -C, 0.25, -M, 2]
Additional Info                [149, 143, 114, 92, 65, 109, 102, 39, 29, 40, 23, 131, 134, 135, 154, 41, 72, 38, 48, 25, 46, 106, 117, 44, 4, 22, 71, 2, 19, 113, 35, 16, 75, 59, 111, 66, 98, 14, 69, 91, 45, 103, 82, 156, 94, 64, 88, 78, 15, 86, 119, 153, 90, 148, 112, 51, 150, 81, 26, 104, 13, 30, 79, 54, 58, 52, 34, 95, 20, 21, 37, 152, 55, 93, 110, 10, 96, 133, 68, 128, 136, 121, 126, 9, 76, 73, 49, 77, 138, 141, 122, 120, 118, 43, 60, 42, 105, 63, 107, 151, 80, 116, 27, 147, 62, 28, 11, 115, 129, 123, 140, 146, 12, 101, 139, 8, 53, 130, 50, 74, 67, 137, 61, 3, 157, 36, 18, 33, 84, 145, 87, 83, 7, 127, 132, 108, 6, 97, 17, 57, 100, 1, 31, 56, 32, 0, 142, 70, 5, 24, 85, 125, 155, 47, 144, 89, 99, 124]
Dataset                        CAL500
Number of labels (L)           158
Type                           ML-CV
Threshold                      0.5
Verbosity                      3


== Predictive Performance

Number of test instances (N)   
Accuracy                       0.202
Jaccard index                  0.202
Hamming score                  0.815
Exact match                    0    
Jaccard distance               0.798
Hamming loss                   0.185
ZeroOne loss                   1    
Harmonic score                 0.453
One error                      0.378
Rank loss                      0.393
Avg precision                  0.228
Log Loss (lim. L)              0.934
Log Loss (lim. D)              0.794
F1 (micro averaged)            0.333
F1 (macro averaged by example) 0.33 
F1 (macro averaged by label)   0.134
AUPRC (macro averaged)         0.157
AUROC (macro averaged)         0.501
Curve Data                     
Macro Curve Data               
Micro Curve Data               
Label indices                  [     0     1     2     3     4     5     6     7     8     9    10    11    12    13    14    15    16    17    18    19    20    21    22    23    24    25    26    27    28    29    30    31    32    33    34    35    36    37    38    39    40    41    42    43    44    45    46    47    48    49    50    51    52    53    54    55    56    57    58    59    60    61    62    63    64    65    66    67    68    69    70    71    72    73    74    75    76    77    78    79    80    81    82    83    84    85    86    87    88    89    90    91    92    93    94    95    96    97    98    99   100   101   102   103   104   105   106   107   108   109   110   111   112   113   114   115   116   117   118   119   120   121   122   123   124   125   126   127   128   129   130   131   132   133   134   135   136   137   138   139   140   141   142   143   144   145   146   147   148   149   150   151   152   153   154   155   156   157 ]
Accuracy (per label)           [ 0.973 0.622 0.784 0.649 0.919 0.568 0.459 0.824 0.676 0.649 0.716 0.554 0.554 0.743 0.919 0.554 0.716 0.595 0.581 0.797 0.730 0.595 0.689 0.514 0.527 0.851 0.703 0.797 0.689 0.622 0.770 0.581 0.568 0.743 0.743 0.527 0.743 0.986 0.986 0.973 0.797 0.932 0.959 0.959 0.986 0.986 0.986 0.986 0.986 0.973 0.932 0.784 0.932 0.986 0.959 0.851 0.824 0.959 0.959 0.919 0.797 0.919 0.608 0.932 0.757 0.932 0.581 0.595 0.838 0.527 0.595 0.676 0.676 0.986 0.959 0.946 0.514 0.959 0.622 0.838 0.959 0.878 0.932 0.757 0.973 0.973 0.973 0.743 0.703 0.959 0.446 0.716 0.649 0.757 0.649 0.716 0.676 0.649 0.757 0.662 0.865 0.459 0.986 0.770 0.662 0.932 0.432 0.527 0.554 0.689 0.892 0.986 0.500 0.838 0.811 0.676 0.959 0.770 0.946 0.973 0.932 0.959 0.986 0.892 0.986 0.865 0.986 0.973 0.784 0.973 0.986 0.973 0.986 0.973 0.986 0.986 0.973 0.946 0.878 0.919 0.851 0.905 0.986 0.986 0.838 0.986 0.986 0.973 0.946 0.986 0.878 0.986 0.986 0.973 0.851 0.986 0.932 0.986 ]
Empty labelvectors (predicted) 0    
Label cardinality (predicted)  20.014
Levenshtein distance           0.146


== Additional Measurements (averaged across folds)

Number of training instances   74
Number of test instances       74
Label cardinality (train set)  23.689
Label cardinality (test set)   23.666
Build Time                     0.313
Test Time                      0.059
Total Time                     0.372


Averaging: 0.3390127414654811