== Evaluation Info

Classifier                     Prepare_CC.Base_CC
Options                        [-S, 0, -W, weka.classifiers.trees.J48, --, -C, 0.25, -M, 2]
Additional Info                [77, 31, 35, 62, 135, 3, 56, 15, 105, 6, 95, 97, 94, 1, 115, 2, 80, 68, 32, 93, 41, 26, 18, 99, 57, 12, 29, 141, 10, 126, 137, 25, 145, 28, 142, 5, 40, 19, 42, 49, 70, 53, 65, 27, 140, 110, 64, 30, 47, 127, 22, 61, 0, 111, 108, 58, 136, 88, 131, 96, 72, 138, 106, 54, 92, 48, 102, 139, 109, 103, 67, 74, 17, 73, 16, 114, 119, 130, 89, 118, 123, 144, 8, 4, 7, 9, 129, 20, 125, 87, 14, 121, 38, 55, 132, 128, 120, 107, 76, 143, 101, 81, 122, 34, 134, 13, 37, 71, 98, 83, 104, 84, 117, 78, 50, 86, 116, 82, 63, 39, 133, 46, 11, 112, 66, 24, 85, 100, 60, 52, 36, 146, 69, 90, 59, 124, 33, 44, 43, 91, 23, 21, 75, 79, 45, 51, 113]
Dataset                        CAL500
Number of labels (L)           147
Type                           ML-CV
Threshold                      0.5
Verbosity                      3


== Predictive Performance

Number of test instances (N)   
Accuracy                       0.278
Jaccard index                  0.278
Hamming score                  0.81 
Exact match                    0    
Jaccard distance               0.722
Hamming loss                   0.19 
ZeroOne loss                   1    
Harmonic score                 0.558
One error                      0.43 
Rank loss                      0.349
Avg precision                  0.303
Log Loss (lim. L)              0.947
Log Loss (lim. D)              0.829
F1 (micro averaged)            0.434
F1 (macro averaged by example) 0.427
F1 (macro averaged by label)   0.151
AUPRC (macro averaged)         0.177
AUROC (macro averaged)         0.494
Curve Data                     
Macro Curve Data               
Micro Curve Data               
Label indices                  [     0     1     2     3     4     5     6     7     8     9    10    11    12    13    14    15    16    17    18    19    20    21    22    23    24    25    26    27    28    29    30    31    32    33    34    35    36    37    38    39    40    41    42    43    44    45    46    47    48    49    50    51    52    53    54    55    56    57    58    59    60    61    62    63    64    65    66    67    68    69    70    71    72    73    74    75    76    77    78    79    80    81    82    83    84    85    86    87    88    89    90    91    92    93    94    95    96    97    98    99   100   101   102   103   104   105   106   107   108   109   110   111   112   113   114   115   116   117   118   119   120   121   122   123   124   125   126   127   128   129   130   131   132   133   134   135   136   137   138   139   140   141   142   143   144   145   146 ]
Accuracy (per label)           [ 0.975 0.506 0.456 0.987 0.937 0.633 0.937 0.519 0.519 0.861 0.557 0.937 0.582 0.759 0.418 0.962 0.544 0.975 0.949 0.494 0.519 0.861 0.873 0.291 0.671 0.911 0.557 0.924 0.481 0.975 0.987 0.658 0.899 0.532 0.911 0.405 0.709 0.987 0.924 0.481 0.962 0.987 0.937 0.937 0.987 0.962 0.962 0.886 0.987 0.975 0.962 0.785 0.962 0.975 0.810 0.861 0.582 0.924 0.848 0.911 0.418 0.557 0.797 0.595 0.557 0.722 0.848 0.937 0.987 0.899 0.671 0.987 0.835 0.987 0.987 0.810 0.987 0.557 0.987 0.975 0.835 0.494 0.937 0.899 0.696 0.494 0.962 0.557 0.899 0.658 0.646 0.975 0.570 0.975 0.405 0.924 0.709 0.962 0.861 0.430 0.595 0.582 0.570 0.962 0.595 0.582 0.747 0.987 0.671 0.494 0.772 0.861 0.987 0.924 0.987 0.949 0.987 0.975 0.962 0.962 0.924 0.975 0.899 0.962 0.987 0.835 0.975 0.987 0.975 0.633 0.835 0.987 0.696 0.987 0.975 0.823 0.975 0.937 0.975 0.810 0.924 0.987 0.937 0.861 0.886 0.987 0.975 ]
Empty labelvectors (predicted) 0    
Label cardinality (predicted)  23.582
Levenshtein distance           0.158


== Additional Measurements (averaged across folds)

Number of training instances   79
Number of test instances       79
Label cardinality (train set)  25.721
Label cardinality (test set)   25.693
Build Time                     0.236
Test Time                      0.028
Total Time                     0.264


Averaging: 0.36274286975539266