== Evaluation Info

Classifier                     Prepare_CC.Base_CC
Options                        [-S, 0, -W, weka.classifiers.trees.J48, --, -C, 0.25, -M, 2]
Additional Info                [151, 37, 65, 63, 8, 32, 123, 122, 91, 51, 73, 31, 67, 117, 99, 93, 129, 72, 66, 11, 54, 86, 90, 147, 26, 53, 24, 69, 140, 27, 135, 81, 78, 125, 45, 10, 55, 0, 76, 145, 104, 68, 18, 46, 61, 22, 103, 1, 29, 105, 97, 44, 60, 16, 38, 48, 110, 87, 150, 141, 41, 133, 108, 143, 7, 144, 20, 95, 6, 56, 118, 106, 134, 42, 19, 2, 84, 92, 13, 94, 5, 30, 131, 62, 89, 14, 9, 35, 142, 101, 12, 36, 82, 113, 109, 127, 80, 59, 85, 64, 40, 119, 25, 74, 4, 43, 49, 3, 137, 139, 146, 132, 126, 100, 114, 116, 47, 138, 148, 50, 57, 121, 112, 111, 115, 75, 124, 77, 21, 128, 79, 28, 107, 149, 83, 120, 102, 33, 15, 52, 17, 23, 70, 34, 130, 136, 71, 96, 58, 39, 88, 98]
Dataset                        CAL500
Number of labels (L)           152
Type                           ML-CV
Threshold                      0.5
Verbosity                      3


== Predictive Performance

Number of test instances (N)   
Accuracy                       0.252
Jaccard index                  0.252
Hamming score                  0.796
Exact match                    0    
Jaccard distance               0.748
Hamming loss                   0.204
ZeroOne loss                   1    
Harmonic score                 0.524
One error                      0.316
Rank loss                      0.378
Avg precision                  0.282
Log Loss (lim. L)              1.023
Log Loss (lim. D)              0.823
F1 (micro averaged)            0.401
F1 (macro averaged by example) 0.397
F1 (macro averaged by label)   0.147
AUPRC (macro averaged)         0.185
AUROC (macro averaged)         0.487
Curve Data                     
Macro Curve Data               
Micro Curve Data               
Label indices                  [     0     1     2     3     4     5     6     7     8     9    10    11    12    13    14    15    16    17    18    19    20    21    22    23    24    25    26    27    28    29    30    31    32    33    34    35    36    37    38    39    40    41    42    43    44    45    46    47    48    49    50    51    52    53    54    55    56    57    58    59    60    61    62    63    64    65    66    67    68    69    70    71    72    73    74    75    76    77    78    79    80    81    82    83    84    85    86    87    88    89    90    91    92    93    94    95    96    97    98    99   100   101   102   103   104   105   106   107   108   109   110   111   112   113   114   115   116   117   118   119   120   121   122   123   124   125   126   127   128   129   130   131   132   133   134   135   136   137   138   139   140   141   142   143   144   145   146   147   148   149   150   151 ]
Accuracy (per label)           [ 0.947 0.649 0.439 0.982 0.632 0.789 0.579 0.561 0.789 0.596 0.982 0.368 0.825 0.386 0.982 0.509 0.965 0.825 0.491 0.702 0.789 0.596 0.614 0.526 0.912 0.509 0.912 0.509 0.982 0.965 0.474 0.895 0.404 0.596 0.632 0.825 0.877 0.667 0.982 0.965 0.947 0.982 0.807 0.982 0.965 0.912 0.965 0.877 0.982 0.965 0.930 0.754 0.947 0.877 0.982 0.947 0.982 0.982 0.754 0.544 0.895 0.702 0.965 0.930 0.579 0.386 0.842 0.474 0.737 0.947 0.579 0.982 0.912 0.579 0.474 0.982 0.789 0.965 0.930 0.491 0.965 0.842 0.982 0.544 0.982 0.860 0.719 0.439 0.877 0.614 0.912 0.596 0.421 0.912 0.526 0.982 0.544 0.982 0.421 0.895 0.772 0.982 0.526 0.491 0.439 0.737 0.947 0.649 0.754 0.684 0.860 0.772 0.439 0.947 0.842 0.772 0.947 0.930 0.947 0.982 0.982 0.930 0.877 0.982 0.807 0.982 0.632 0.982 0.982 0.684 0.930 0.982 0.982 0.947 0.632 0.649 0.825 0.930 0.912 0.982 0.982 0.877 0.877 0.912 0.982 0.965 0.965 0.895 0.912 0.912 0.947 0.912 ]
Empty labelvectors (predicted) 0    
Label cardinality (predicted)  24.228
Levenshtein distance           0.168


== Additional Measurements (averaged across folds)

Number of training instances   57
Number of test instances       57
Label cardinality (train set)  27.42
Label cardinality (test set)   27.357
Build Time                     0.183
Test Time                      0.027
Total Time                     0.21 


Averaging: 0.34944701271671424