== Evaluation Info

Classifier                     Prepare_CC.Base_CC
Options                        [-S, 0, -W, weka.classifiers.trees.J48, --, -C, 0.25, -M, 2]
Additional Info                [112, 111, 88, 113, 110, 78, 67, 57, 107, 145, 150, 118, 161, 121, 95, 25, 17, 49, 0, 19, 133, 46, 54, 104, 132, 52, 53, 147, 74, 162, 157, 59, 98, 106, 12, 42, 153, 164, 89, 50, 154, 163, 33, 84, 115, 21, 155, 26, 11, 94, 10, 66, 32, 167, 3, 6, 169, 139, 138, 122, 31, 96, 125, 47, 152, 75, 124, 144, 134, 48, 105, 130, 156, 1, 45, 34, 15, 116, 91, 129, 5, 92, 38, 103, 148, 44, 140, 101, 82, 135, 9, 173, 73, 85, 142, 62, 79, 40, 43, 99, 8, 58, 30, 128, 18, 166, 172, 131, 159, 136, 93, 7, 168, 171, 35, 123, 87, 28, 71, 51, 69, 141, 117, 41, 114, 64, 63, 68, 70, 14, 108, 100, 119, 127, 22, 72, 109, 120, 23, 13, 126, 83, 81, 160, 29, 146, 97, 137, 20, 24, 2, 16, 86, 61, 170, 90, 55, 36, 76, 65, 27, 60, 102, 4, 37, 39, 56, 77, 80, 143, 149, 151, 158, 165]
Dataset                        CAL500
Number of labels (L)           174
Type                           ML-CV
Threshold                      0.5
Verbosity                      3


== Predictive Performance

Number of test instances (N)   
Accuracy                       0.25 
Jaccard index                  0.25 
Hamming score                  0.829
Exact match                    0    
Jaccard distance               0.75 
Hamming loss                   0.171
ZeroOne loss                   1    
Harmonic score                 0.512
One error                      0.305
Rank loss                      0.345
Avg precision                  0.271
Log Loss (lim. L)              0.881
Log Loss (lim. D)              0.753
F1 (micro averaged)            0.395
F1 (macro averaged by example) 0.393
F1 (macro averaged by label)   0.125
AUPRC (macro averaged)         NaN
AUROC (macro averaged)         NaN
Curve Data                     
Macro Curve Data               
Micro Curve Data               
Label indices                  [     0     1     2     3     4     5     6     7     8     9    10    11    12    13    14    15    16    17    18    19    20    21    22    23    24    25    26    27    28    29    30    31    32    33    34    35    36    37    38    39    40    41    42    43    44    45    46    47    48    49    50    51    52    53    54    55    56    57    58    59    60    61    62    63    64    65    66    67    68    69    70    71    72    73    74    75    76    77    78    79    80    81    82    83    84    85    86    87    88    89    90    91    92    93    94    95    96    97    98    99   100   101   102   103   104   105   106   107   108   109   110   111   112   113   114   115   116   117   118   119   120   121   122   123   124   125   126   127   128   129   130   131   132   133   134   135   136   137   138   139   140   141   142   143   144   145   146   147   148   149   150   151   152   153   154   155   156   157   158   159   160   161   162   163   164   165   166   167   168   169   170   171   172   173 ]
Accuracy (per label)           [ 0.963 0.707 0.512 0.866 1.000 0.585 0.488 0.683 0.573 0.817 0.512 0.939 0.561 0.805 0.585 0.841 0.622 0.963 0.634 0.549 0.659 0.732 0.610 0.659 0.463 0.963 0.561 0.939 0.463 0.951 0.963 0.634 0.756 0.512 0.610 0.659 0.854 1.000 0.927 1.000 0.817 0.976 0.878 0.915 0.976 0.841 0.963 0.939 0.963 0.963 0.951 0.976 0.963 0.854 0.732 0.939 1.000 0.829 0.963 0.976 0.988 0.988 0.805 0.671 0.756 0.695 0.988 0.951 0.902 0.451 0.402 0.878 0.463 0.707 0.902 0.695 0.951 1.000 0.915 0.634 1.000 0.659 0.988 0.890 0.976 0.902 0.695 0.988 0.951 0.829 0.988 0.573 0.951 0.890 0.610 0.439 0.817 0.549 0.744 0.537 0.951 0.476 0.963 0.537 0.988 0.561 0.988 0.537 0.927 0.829 0.988 0.512 0.512 0.622 0.634 0.951 0.622 0.756 0.732 0.878 0.866 0.598 0.963 0.841 0.988 0.890 0.951 0.976 0.915 0.988 0.878 0.988 0.963 0.963 0.890 0.951 0.890 0.963 0.720 0.976 0.988 0.793 0.951 1.000 0.988 0.988 0.976 0.598 0.780 1.000 0.890 1.000 0.976 0.915 0.902 0.951 0.988 0.988 1.000 0.988 0.902 0.927 0.890 0.927 0.988 1.000 0.963 0.939 0.927 0.988 0.927 0.951 0.963 0.951 ]
Empty labelvectors (predicted) 0    
Label cardinality (predicted)  22.207
Levenshtein distance           0.141


== Additional Measurements (averaged across folds)

Number of training instances   82
Number of test instances       82
Label cardinality (train set)  26.927
Label cardinality (test set)   26.943
Build Time                     0.658
Test Time                      0.067
Total Time                     0.725


Averaging: 0.3598521462202437