== Evaluation Info

Classifier                     Prepare_CC.Base_CC
Options                        [-S, 0, -W, weka.classifiers.trees.J48, --, -C, 0.25, -M, 2]
Additional Info                [110, 129, 146, 11, 115, 33, 138, 3, 40, 114, 127, 37, 4, 153, 81, 142, 141, 8, 25, 126, 86, 36, 6, 32, 41, 78, 69, 58, 43, 30, 13, 143, 171, 120, 104, 59, 53, 16, 24, 99, 65, 79, 165, 27, 147, 148, 160, 128, 56, 172, 50, 121, 164, 124, 132, 169, 9, 97, 135, 125, 51, 92, 156, 87, 157, 20, 166, 2, 161, 44, 7, 57, 134, 60, 31, 80, 67, 113, 29, 28, 112, 19, 64, 131, 100, 96, 117, 76, 155, 70, 52, 158, 74, 17, 35, 139, 95, 34, 167, 152, 82, 1, 77, 140, 22, 98, 149, 26, 54, 107, 12, 163, 170, 39, 5, 101, 18, 91, 103, 75, 66, 94, 150, 62, 105, 90, 168, 72, 111, 63, 119, 102, 162, 45, 21, 83, 23, 85, 42, 73, 15, 68, 108, 106, 130, 173, 93, 48, 109, 137, 118, 0, 10, 14, 38, 46, 47, 49, 55, 61, 71, 84, 88, 89, 116, 122, 123, 133, 136, 144, 145, 151, 154, 159]
Dataset                        CAL500
Number of labels (L)           174
Type                           ML-CV
Threshold                      0.5
Verbosity                      3


== Predictive Performance

Number of test instances (N)   
Accuracy                       0.306
Jaccard index                  0.306
Hamming score                  0.849
Exact match                    0    
Jaccard distance               0.694
Hamming loss                   0.151
ZeroOne loss                   1    
Harmonic score                 0.586
One error                      0.122
Rank loss                      0.3  
Avg precision                  0.314
Log Loss (lim. L)              0.778
Log Loss (lim. D)              0.665
F1 (micro averaged)            0.466
F1 (macro averaged by example) 0.46 
F1 (macro averaged by label)   0.132
AUPRC (macro averaged)         NaN
AUROC (macro averaged)         NaN
Curve Data                     
Macro Curve Data               
Micro Curve Data               
Label indices                  [     0     1     2     3     4     5     6     7     8     9    10    11    12    13    14    15    16    17    18    19    20    21    22    23    24    25    26    27    28    29    30    31    32    33    34    35    36    37    38    39    40    41    42    43    44    45    46    47    48    49    50    51    52    53    54    55    56    57    58    59    60    61    62    63    64    65    66    67    68    69    70    71    72    73    74    75    76    77    78    79    80    81    82    83    84    85    86    87    88    89    90    91    92    93    94    95    96    97    98    99   100   101   102   103   104   105   106   107   108   109   110   111   112   113   114   115   116   117   118   119   120   121   122   123   124   125   126   127   128   129   130   131   132   133   134   135   136   137   138   139   140   141   142   143   144   145   146   147   148   149   150   151   152   153   154   155   156   157   158   159   160   161   162   163   164   165   166   167   168   169   170   171   172   173 ]
Accuracy (per label)           [ 1.000 0.866 0.963 0.500 0.976 0.610 0.476 0.988 0.780 0.549 1.000 0.524 0.500 0.963 1.000 0.695 0.829 0.463 0.537 0.963 0.829 0.549 0.573 0.622 0.488 0.951 0.817 0.659 0.780 0.634 0.659 0.866 0.549 0.915 0.512 0.707 0.768 0.963 1.000 0.976 0.805 0.988 0.939 0.988 0.988 0.988 1.000 1.000 0.988 1.000 0.988 0.976 0.793 0.732 0.951 1.000 0.951 0.866 0.732 0.976 0.671 1.000 0.902 0.805 0.927 0.829 0.951 0.683 0.976 0.585 0.634 1.000 0.390 0.720 0.976 0.646 0.988 0.963 0.963 0.561 0.988 0.573 0.988 0.951 1.000 0.890 0.902 0.963 1.000 1.000 0.963 0.732 0.695 0.988 0.561 0.988 0.524 0.988 0.549 0.988 0.524 0.598 0.805 0.695 0.634 0.585 0.963 0.768 0.695 0.780 0.988 0.829 0.549 0.866 0.866 0.890 1.000 0.610 0.988 0.951 0.963 0.707 1.000 1.000 0.683 0.915 0.927 0.817 0.915 0.927 0.878 0.988 0.963 1.000 0.976 0.963 1.000 0.976 0.402 0.976 0.988 0.939 0.841 0.988 1.000 1.000 0.988 0.939 0.780 0.817 0.915 1.000 0.988 0.780 1.000 0.976 0.939 0.988 0.915 1.000 0.988 0.951 0.951 0.988 0.963 0.963 0.963 0.976 0.976 0.976 0.878 0.841 0.963 0.988 ]
Empty labelvectors (predicted) 0    
Label cardinality (predicted)  23.085
Levenshtein distance           0.13 


== Additional Measurements (averaged across folds)

Number of training instances   82
Number of test instances       82
Label cardinality (train set)  26.037
Label cardinality (test set)   26.033
Build Time                     0.607
Test Time                      0.065
Total Time                     0.672


Averaging: 0.385146741618398