== Evaluation Info

Classifier                     Prepare_CC.Base_CC
Options                        [-S, 0, -W, weka.classifiers.trees.J48, --, -C, 0.25, -M, 2]
Additional Info                [65, 151, 127, 38, 161, 147, 69, 4, 136, 144, 20, 61, 46, 101, 71, 173, 64, 13, 121, 156, 49, 164, 0, 146, 40, 53, 2, 78, 150, 88, 33, 19, 36, 24, 149, 148, 80, 6, 141, 34, 96, 54, 152, 135, 1, 108, 10, 84, 79, 133, 67, 125, 153, 15, 104, 51, 113, 117, 122, 50, 66, 109, 170, 165, 145, 62, 47, 87, 14, 75, 60, 139, 70, 86, 73, 128, 97, 29, 55, 116, 17, 58, 105, 7, 26, 93, 35, 102, 12, 98, 158, 157, 114, 74, 27, 83, 134, 142, 162, 72, 111, 89, 32, 77, 163, 123, 23, 169, 91, 28, 92, 76, 22, 119, 106, 45, 118, 8, 57, 120, 11, 59, 39, 138, 167, 166, 115, 107, 63, 81, 99, 94, 131, 159, 130, 95, 9, 112, 31, 25, 172, 103, 21, 18, 42, 5, 16, 3, 30, 37, 41, 43, 44, 48, 52, 56, 68, 82, 85, 90, 100, 110, 124, 126, 129, 132, 137, 140, 143, 154, 155, 160, 168, 171]
Dataset                        CAL500
Number of labels (L)           174
Type                           ML-CV
Threshold                      0.5
Verbosity                      3


== Predictive Performance

Number of test instances (N)   
Accuracy                       0.297
Jaccard index                  0.297
Hamming score                  0.841
Exact match                    0    
Jaccard distance               0.703
Hamming loss                   0.159
ZeroOne loss                   1    
Harmonic score                 0.576
One error                      0.469
Rank loss                      0.316
Avg precision                  0.308
Log Loss (lim. L)              0.82 
Log Loss (lim. D)              0.729
F1 (micro averaged)            0.455
F1 (macro averaged by example) 0.449
F1 (macro averaged by label)   0.139
AUPRC (macro averaged)         NaN
AUROC (macro averaged)         NaN
Curve Data                     
Macro Curve Data               
Micro Curve Data               
Label indices                  [     0     1     2     3     4     5     6     7     8     9    10    11    12    13    14    15    16    17    18    19    20    21    22    23    24    25    26    27    28    29    30    31    32    33    34    35    36    37    38    39    40    41    42    43    44    45    46    47    48    49    50    51    52    53    54    55    56    57    58    59    60    61    62    63    64    65    66    67    68    69    70    71    72    73    74    75    76    77    78    79    80    81    82    83    84    85    86    87    88    89    90    91    92    93    94    95    96    97    98    99   100   101   102   103   104   105   106   107   108   109   110   111   112   113   114   115   116   117   118   119   120   121   122   123   124   125   126   127   128   129   130   131   132   133   134   135   136   137   138   139   140   141   142   143   144   145   146   147   148   149   150   151   152   153   154   155   156   157   158   159   160   161   162   163   164   165   166   167   168   169   170   171   172   173 ]
Accuracy (per label)           [ 0.929 0.520 0.480 1.000 0.939 0.592 0.888 0.582 0.551 0.847 0.408 0.827 0.643 0.847 0.429 0.898 0.469 0.918 0.939 0.531 0.602 0.724 0.939 0.510 0.612 0.837 0.469 0.837 0.398 0.959 1.000 0.663 0.959 0.551 0.969 0.520 0.582 1.000 0.990 0.929 0.561 1.000 0.990 1.000 1.000 0.969 0.990 0.949 1.000 0.969 0.857 0.980 1.000 0.949 0.959 0.980 1.000 0.969 0.980 0.939 0.949 0.959 0.980 0.776 0.939 0.418 0.949 0.918 1.000 0.449 0.439 0.929 0.561 0.510 0.653 0.867 0.980 0.980 0.949 0.786 0.990 0.878 1.000 0.969 0.959 1.000 0.724 0.980 0.969 0.918 1.000 0.541 0.959 0.908 0.561 0.520 0.990 0.531 0.918 0.653 1.000 0.633 0.929 0.561 0.908 0.480 0.969 0.694 0.867 0.878 1.000 0.469 0.786 0.571 0.571 0.959 0.541 0.520 0.755 0.990 0.776 0.561 0.888 0.888 1.000 0.786 1.000 0.990 0.980 1.000 0.990 0.969 1.000 0.918 0.949 0.918 0.959 1.000 0.888 0.969 1.000 0.857 0.969 1.000 0.959 0.980 0.980 0.653 0.786 0.786 0.653 0.990 0.959 0.969 1.000 1.000 0.990 0.980 0.959 0.959 1.000 0.908 0.990 0.816 0.949 0.990 0.908 0.745 1.000 0.990 0.878 1.000 0.980 0.969 ]
Empty labelvectors (predicted) 0    
Label cardinality (predicted)  23.867
Levenshtein distance           0.136


== Additional Measurements (averaged across folds)

Number of training instances   98
Number of test instances       98
Label cardinality (train set)  26.887
Label cardinality (test set)   26.843
Build Time                     0.814
Test Time                      0.077
Total Time                     0.891


Averaging: 0.3793044982879313