== Evaluation Info

Classifier                     Prepare_CC.Base_CC
Options                        [-S, 0, -W, weka.classifiers.trees.J48, --, -C, 0.25, -M, 2]
Additional Info                [139, 9, 84, 22, 91, 163, 162, 20, 157, 64, 43, 31, 2, 4, 25, 142, 105, 34, 156, 44, 126, 58, 120, 46, 111, 93, 15, 78, 75, 107, 88, 17, 5, 87, 52, 66, 82, 172, 94, 47, 57, 134, 125, 11, 137, 118, 135, 71, 6, 171, 90, 96, 80, 41, 154, 12, 14, 1, 30, 33, 72, 113, 164, 140, 32, 28, 150, 161, 36, 169, 166, 106, 86, 27, 114, 63, 95, 98, 3, 26, 60, 45, 103, 167, 124, 13, 74, 100, 54, 23, 138, 115, 102, 99, 59, 8, 101, 37, 77, 149, 76, 68, 73, 128, 121, 148, 18, 129, 153, 146, 48, 83, 49, 130, 104, 131, 53, 81, 65, 70, 116, 40, 67, 79, 112, 10, 109, 62, 170, 141, 132, 117, 155, 127, 56, 123, 159, 85, 16, 69, 160, 147, 29, 97, 144, 122, 38, 165, 61, 24, 89, 7, 39, 92, 108, 35, 42, 21, 19, 0, 50, 51, 55, 110, 119, 133, 136, 143, 145, 151, 152, 158, 168, 173]
Dataset                        CAL500
Number of labels (L)           174
Type                           ML-CV
Threshold                      0.5
Verbosity                      3


== Predictive Performance

Number of test instances (N)   
Accuracy                       0.212
Jaccard index                  0.212
Hamming score                  0.839
Exact match                    0    
Jaccard distance               0.788
Hamming loss                   0.161
ZeroOne loss                   1    
Harmonic score                 0.46 
One error                      0.275
Rank loss                      0.363
Avg precision                  0.228
Log Loss (lim. L)              0.832
Log Loss (lim. D)              0.728
F1 (micro averaged)            0.345
F1 (macro averaged by example) 0.342
F1 (macro averaged by label)   0.108
AUPRC (macro averaged)         NaN
AUROC (macro averaged)         NaN
Curve Data                     
Macro Curve Data               
Micro Curve Data               
Label indices                  [     0     1     2     3     4     5     6     7     8     9    10    11    12    13    14    15    16    17    18    19    20    21    22    23    24    25    26    27    28    29    30    31    32    33    34    35    36    37    38    39    40    41    42    43    44    45    46    47    48    49    50    51    52    53    54    55    56    57    58    59    60    61    62    63    64    65    66    67    68    69    70    71    72    73    74    75    76    77    78    79    80    81    82    83    84    85    86    87    88    89    90    91    92    93    94    95    96    97    98    99   100   101   102   103   104   105   106   107   108   109   110   111   112   113   114   115   116   117   118   119   120   121   122   123   124   125   126   127   128   129   130   131   132   133   134   135   136   137   138   139   140   141   142   143   144   145   146   147   148   149   150   151   152   153   154   155   156   157   158   159   160   161   162   163   164   165   166   167   168   169   170   171   172   173 ]
Accuracy (per label)           [ 1.000 0.714 0.868 0.560 0.934 0.505 0.560 0.813 0.648 0.538 0.692 0.571 0.549 0.692 0.967 0.407 0.725 0.681 0.571 0.901 0.703 0.593 0.725 0.681 0.516 0.956 0.681 0.758 0.725 0.758 0.703 0.495 0.615 0.736 0.659 0.659 0.637 0.967 0.989 0.978 0.747 0.989 0.945 0.934 0.978 0.978 0.989 0.989 0.956 0.989 1.000 1.000 0.890 0.769 0.901 1.000 0.989 0.967 0.879 0.824 0.956 0.989 0.890 0.835 0.857 0.747 0.967 0.659 0.901 0.615 0.626 0.912 0.527 0.505 0.879 0.659 0.967 0.967 0.923 0.560 0.967 0.692 0.868 0.956 0.890 0.912 0.747 0.967 0.956 0.923 0.956 0.725 0.736 0.934 0.560 0.824 0.615 0.879 0.725 0.780 0.725 0.670 0.769 0.505 0.846 0.495 0.978 0.846 0.692 0.901 1.000 0.582 0.538 0.637 0.747 0.868 0.967 0.473 0.923 1.000 0.879 0.670 0.989 0.967 0.747 0.934 0.923 0.956 0.956 0.989 0.890 0.989 0.989 1.000 0.879 0.923 1.000 0.989 0.758 0.967 0.989 0.967 0.989 1.000 0.989 1.000 0.967 0.923 0.824 0.802 0.835 1.000 1.000 0.912 0.989 0.989 0.956 0.857 1.000 0.989 0.967 0.967 0.978 0.967 0.978 0.989 0.967 0.956 1.000 0.978 0.945 0.989 0.989 1.000 ]
Empty labelvectors (predicted) 0    
Label cardinality (predicted)  19.22
Levenshtein distance           0.131


== Additional Measurements (averaged across folds)

Number of training instances   91
Number of test instances       91
Label cardinality (train set)  23.626
Label cardinality (test set)   23.621
Build Time                     0.766
Test Time                      0.073
Total Time                     0.84 


Averaging: 0.3502284280159687