== Evaluation Info

Classifier                     Prepare_CC.Base_CC
Options                        [-S, 0, -W, weka.classifiers.trees.J48, --, -C, 0.25, -M, 2]
Additional Info                [81, 149, 105, 144, 17, 31, 54, 13, 115, 162, 165, 151, 122, 113, 102, 14, 138, 6, 19, 140, 104, 27, 69, 171, 50, 2, 67, 124, 87, 143, 12, 66, 127, 141, 93, 59, 21, 86, 133, 157, 97, 150, 9, 1, 3, 109, 85, 117, 28, 49, 84, 121, 52, 18, 126, 32, 70, 60, 44, 100, 94, 136, 0, 15, 146, 8, 145, 34, 83, 68, 16, 20, 10, 168, 5, 35, 41, 53, 99, 135, 25, 167, 163, 148, 120, 108, 116, 42, 63, 72, 92, 156, 71, 56, 123, 58, 103, 101, 61, 4, 30, 118, 129, 40, 166, 131, 79, 74, 26, 106, 75, 22, 114, 36, 142, 130, 159, 7, 29, 164, 64, 91, 125, 24, 98, 45, 82, 147, 65, 73, 134, 119, 33, 170, 95, 107, 112, 161, 111, 23, 11, 96, 153, 110, 37, 38, 39, 43, 46, 47, 48, 51, 55, 57, 62, 76, 77, 78, 80, 88, 89, 90, 128, 132, 137, 139, 152, 154, 155, 158, 160, 169, 172, 173]
Dataset                        CAL500
Number of labels (L)           174
Type                           ML-CV
Threshold                      0.5
Verbosity                      3


== Predictive Performance

Number of test instances (N)   
Accuracy                       0.238
Jaccard index                  0.238
Hamming score                  0.825
Exact match                    0    
Jaccard distance               0.762
Hamming loss                   0.175
ZeroOne loss                   1    
Harmonic score                 0.512
One error                      0.648
Rank loss                      0.356
Avg precision                  0.254
Log Loss (lim. L)              0.903
Log Loss (lim. D)              0.698
F1 (micro averaged)            0.377
F1 (macro averaged by example) 0.376
F1 (macro averaged by label)   0.129
AUPRC (macro averaged)         NaN
AUROC (macro averaged)         NaN
Curve Data                     
Macro Curve Data               
Micro Curve Data               
Label indices                  [     0     1     2     3     4     5     6     7     8     9    10    11    12    13    14    15    16    17    18    19    20    21    22    23    24    25    26    27    28    29    30    31    32    33    34    35    36    37    38    39    40    41    42    43    44    45    46    47    48    49    50    51    52    53    54    55    56    57    58    59    60    61    62    63    64    65    66    67    68    69    70    71    72    73    74    75    76    77    78    79    80    81    82    83    84    85    86    87    88    89    90    91    92    93    94    95    96    97    98    99   100   101   102   103   104   105   106   107   108   109   110   111   112   113   114   115   116   117   118   119   120   121   122   123   124   125   126   127   128   129   130   131   132   133   134   135   136   137   138   139   140   141   142   143   144   145   146   147   148   149   150   151   152   153   154   155   156   157   158   159   160   161   162   163   164   165   166   167   168   169   170   171   172   173 ]
Accuracy (per label)           [ 0.667 0.463 0.574 0.833 0.963 0.444 0.778 0.537 0.889 0.556 0.759 0.611 0.815 0.463 0.593 0.574 0.704 0.630 0.796 0.481 0.852 0.481 0.981 0.685 0.778 0.685 0.944 0.481 0.444 0.704 0.963 0.370 0.852 0.537 0.981 0.704 0.833 1.000 1.000 1.000 0.833 0.981 0.981 1.000 0.981 0.815 1.000 1.000 1.000 0.741 0.981 1.000 0.963 0.944 0.981 1.000 0.926 1.000 0.907 0.537 0.981 0.778 1.000 0.741 0.981 0.630 0.926 0.870 0.759 0.759 0.759 0.611 0.556 0.667 0.889 0.815 1.000 1.000 1.000 0.574 1.000 0.759 0.722 0.981 0.685 0.981 0.444 0.981 1.000 1.000 1.000 0.667 0.741 0.870 0.593 0.574 0.759 0.537 0.778 0.500 0.907 0.722 0.778 0.685 0.574 0.704 0.907 0.944 0.611 0.870 0.889 0.574 0.704 0.500 0.852 0.944 0.833 0.426 0.593 0.981 0.907 0.630 0.815 0.889 0.870 0.944 0.926 0.981 1.000 0.981 0.963 0.963 1.000 0.778 0.852 0.944 0.944 1.000 0.926 1.000 0.926 0.944 0.815 0.981 0.741 0.907 0.926 0.685 0.944 0.963 0.926 0.870 1.000 0.963 1.000 1.000 0.963 0.667 1.000 0.759 1.000 0.852 0.981 0.870 0.981 0.981 0.963 0.963 0.981 1.000 0.852 0.981 1.000 1.000 ]
Empty labelvectors (predicted) 0    
Label cardinality (predicted)  23.241
Levenshtein distance           0.14 


== Additional Measurements (averaged across folds)

Number of training instances   54
Number of test instances       54
Label cardinality (train set)  25.612
Label cardinality (test set)   25.643
Build Time                     0.313
Test Time                      0.04 
Total Time                     0.354


Averaging: 0.354399842208209