== Evaluation Info

Classifier                     Prepare_CC.Base_CC
Options                        [-S, 0, -W, weka.classifiers.trees.J48, --, -C, 0.25, -M, 2]
Additional Info                [29, 101, 105, 167, 77, 60, 122, 0, 57, 114, 136, 141, 14, 3, 12, 40, 63, 161, 166, 119, 51, 140, 49, 86, 96, 19, 52, 22, 118, 11, 116, 151, 24, 95, 72, 144, 115, 6, 113, 158, 109, 121, 36, 61, 71, 31, 23, 111, 9, 16, 117, 37, 170, 104, 112, 50, 107, 138, 5, 15, 64, 98, 123, 81, 97, 84, 82, 28, 70, 21, 2, 17, 150, 13, 46, 163, 127, 94, 59, 134, 159, 103, 99, 157, 142, 65, 120, 139, 20, 1, 68, 33, 92, 106, 135, 35, 133, 102, 91, 131, 108, 87, 67, 10, 130, 41, 137, 155, 124, 7, 143, 171, 75, 79, 30, 74, 125, 110, 27, 128, 73, 100, 145, 4, 147, 126, 148, 25, 152, 69, 42, 149, 26, 93, 8, 18, 32, 34, 38, 39, 43, 44, 45, 47, 48, 53, 54, 55, 56, 58, 62, 66, 76, 78, 80, 83, 85, 88, 89, 90, 129, 132, 146, 153, 154, 156, 160, 162, 164, 165, 168, 169, 172, 173]
Dataset                        CAL500
Number of labels (L)           174
Type                           ML-CV
Threshold                      0.5
Verbosity                      3


== Predictive Performance

Number of test instances (N)   
Accuracy                       0.333
Jaccard index                  0.333
Hamming score                  0.837
Exact match                    0    
Jaccard distance               0.667
Hamming loss                   0.163
ZeroOne loss                   1    
Harmonic score                 0.621
One error                      0.552
Rank loss                      0.316
Avg precision                  0.344
Log Loss (lim. L)              0.839
Log Loss (lim. D)              0.684
F1 (micro averaged)            0.494
F1 (macro averaged by example) 0.488
F1 (macro averaged by label)   0.149
AUPRC (macro averaged)         NaN
AUROC (macro averaged)         NaN
Curve Data                     
Macro Curve Data               
Micro Curve Data               
Label indices                  [     0     1     2     3     4     5     6     7     8     9    10    11    12    13    14    15    16    17    18    19    20    21    22    23    24    25    26    27    28    29    30    31    32    33    34    35    36    37    38    39    40    41    42    43    44    45    46    47    48    49    50    51    52    53    54    55    56    57    58    59    60    61    62    63    64    65    66    67    68    69    70    71    72    73    74    75    76    77    78    79    80    81    82    83    84    85    86    87    88    89    90    91    92    93    94    95    96    97    98    99   100   101   102   103   104   105   106   107   108   109   110   111   112   113   114   115   116   117   118   119   120   121   122   123   124   125   126   127   128   129   130   131   132   133   134   135   136   137   138   139   140   141   142   143   144   145   146   147   148   149   150   151   152   153   154   155   156   157   158   159   160   161   162   163   164   165   166   167   168   169   170   171   172   173 ]
Accuracy (per label)           [ 0.522 0.687 0.597 0.866 0.806 0.478 0.925 0.627 1.000 0.522 0.985 0.642 0.642 0.746 0.582 0.866 0.925 0.522 1.000 0.552 0.970 0.761 0.985 0.761 0.985 0.493 0.985 0.478 0.612 0.866 0.776 0.657 1.000 0.716 1.000 0.746 0.448 0.970 1.000 1.000 0.761 0.955 0.985 1.000 1.000 1.000 0.925 1.000 1.000 0.627 0.866 0.970 0.985 1.000 1.000 1.000 1.000 0.970 1.000 0.672 0.896 0.910 1.000 0.940 0.955 0.597 1.000 0.881 0.836 0.910 0.493 0.851 0.507 0.612 0.448 0.821 1.000 0.955 1.000 0.687 1.000 0.985 0.851 1.000 0.716 1.000 0.672 0.985 1.000 1.000 1.000 0.761 0.493 0.866 0.522 0.493 0.851 0.537 0.985 0.537 0.985 0.627 0.582 0.806 0.537 0.433 0.970 0.791 0.478 0.821 0.970 0.522 0.791 0.522 0.806 0.627 0.896 0.537 0.761 0.955 0.881 0.403 0.896 0.925 0.985 0.955 0.970 0.985 0.985 1.000 0.970 0.985 1.000 0.597 0.791 0.925 0.940 0.985 0.701 0.985 0.851 0.985 0.836 0.955 0.925 0.836 1.000 0.687 0.985 0.836 0.925 0.851 0.925 1.000 1.000 0.985 1.000 0.746 0.985 0.925 1.000 0.985 1.000 0.642 1.000 1.000 0.970 0.776 1.000 1.000 0.851 0.985 1.000 1.000 ]
Empty labelvectors (predicted) 0    
Label cardinality (predicted)  27.328
Levenshtein distance           0.139


== Additional Measurements (averaged across folds)

Number of training instances   67
Number of test instances       67
Label cardinality (train set)  28.552
Label cardinality (test set)   28.548
Build Time                     0.397
Test Time                      0.049
Total Time                     0.447


Averaging: 0.3899959135274928