== Evaluation Info

Classifier                     Prepare_CC.Base_CC
Options                        [-S, 0, -W, weka.classifiers.trees.J48, --, -C, 0.25, -M, 2]
Additional Info                [81, 104, 87, 105, 38, 53, 39, 157, 132, 91, 52, 21, 35, 64, 23, 83, 126, 131, 88, 84, 44, 148, 1, 33, 134, 41, 153, 67, 118, 107, 114, 80, 121, 72, 32, 140, 130, 133, 138, 66, 136, 106, 103, 79, 51, 55, 42, 73, 26, 57, 5, 82, 98, 49, 46, 29, 8, 60, 154, 78, 70, 24, 27, 63, 75, 3, 16, 9, 97, 116, 95, 85, 155, 151, 62, 94, 101, 68, 22, 144, 135, 76, 115, 61, 74, 54, 43, 127, 90, 34, 146, 7, 113, 112, 100, 36, 65, 10, 0, 120, 37, 102, 147, 108, 20, 139, 119, 69, 71, 40, 48, 56, 152, 4, 17, 47, 124, 14, 96, 89, 45, 129, 109, 117, 77, 12, 58, 142, 15, 123, 111, 141, 125, 137, 19, 13, 18, 30, 128, 110, 59, 93, 11, 92, 99, 143, 122, 50, 2, 25, 149, 150, 145, 28, 156, 86, 6, 31]
Dataset                        CAL500
Number of labels (L)           158
Type                           ML-CV
Threshold                      0.5
Verbosity                      3


== Predictive Performance

Number of test instances (N)   
Accuracy                       0.249
Jaccard index                  0.249
Hamming score                  0.827
Exact match                    0    
Jaccard distance               0.751
Hamming loss                   0.173
ZeroOne loss                   1    
Harmonic score                 0.514
One error                      0.583
Rank loss                      0.363
Avg precision                  0.269
Log Loss (lim. L)              0.874
Log Loss (lim. D)              0.765
F1 (micro averaged)            0.39 
F1 (macro averaged by example) 0.39 
F1 (macro averaged by label)   0.123
AUPRC (macro averaged)         0.156
AUROC (macro averaged)         0.495
Curve Data                     
Macro Curve Data               
Micro Curve Data               
Label indices                  [     0     1     2     3     4     5     6     7     8     9    10    11    12    13    14    15    16    17    18    19    20    21    22    23    24    25    26    27    28    29    30    31    32    33    34    35    36    37    38    39    40    41    42    43    44    45    46    47    48    49    50    51    52    53    54    55    56    57    58    59    60    61    62    63    64    65    66    67    68    69    70    71    72    73    74    75    76    77    78    79    80    81    82    83    84    85    86    87    88    89    90    91    92    93    94    95    96    97    98    99   100   101   102   103   104   105   106   107   108   109   110   111   112   113   114   115   116   117   118   119   120   121   122   123   124   125   126   127   128   129   130   131   132   133   134   135   136   137   138   139   140   141   142   143   144   145   146   147   148   149   150   151   152   153   154   155   156   157 ]
Accuracy (per label)           [ 0.929 0.440 0.690 0.786 0.988 0.440 0.786 0.560 0.738 0.536 0.810 0.536 0.726 0.762 0.738 0.619 0.762 0.679 0.857 0.655 0.893 0.512 0.964 0.655 0.607 0.798 0.869 0.643 0.667 0.774 0.917 0.571 0.976 0.536 0.988 0.583 0.476 0.988 0.952 0.631 0.988 0.988 0.988 0.929 0.964 0.988 0.988 0.940 0.940 0.952 0.952 0.845 0.940 0.940 0.929 0.810 0.917 0.964 0.976 0.964 0.774 0.940 0.464 0.952 0.786 0.964 0.571 0.524 0.952 0.607 0.619 0.690 0.810 0.964 0.976 0.988 0.762 0.857 0.952 0.988 0.940 0.988 0.702 0.976 0.976 0.988 0.679 0.571 0.893 0.571 0.655 0.798 0.679 0.905 0.500 0.905 0.643 0.857 0.631 0.690 0.452 0.976 0.917 0.667 0.750 0.988 0.393 0.714 0.607 0.774 0.940 0.952 0.571 0.952 0.917 0.560 0.976 0.964 0.940 0.821 0.976 0.940 0.988 0.952 0.976 0.893 0.893 0.952 0.988 0.857 0.988 0.976 0.964 0.845 0.976 0.976 0.857 0.821 0.655 0.774 0.976 0.988 0.881 0.988 0.976 0.905 0.976 0.988 0.976 0.952 0.798 0.964 0.988 0.952 0.810 0.988 0.905 0.988 ]
Empty labelvectors (predicted) 0    
Label cardinality (predicted)  20.464
Levenshtein distance           0.146


== Additional Measurements (averaged across folds)

Number of training instances   84
Number of test instances       84
Label cardinality (train set)  24.274
Label cardinality (test set)   24.268
Build Time                     0.329
Test Time                      0.037
Total Time                     0.366


Averaging: 0.3587347528863825