== Evaluation Info

Classifier                     Prepare_CC.Base_CC
Options                        [-S, 0, -W, weka.classifiers.trees.J48, --, -C, 0.25, -M, 2]
Additional Info                [83, 16, 71, 128, 125, 70, 0, 158, 54, 21, 98, 127, 87, 5, 103, 8, 13, 152, 29, 95, 56, 26, 81, 96, 47, 132, 60, 4, 159, 118, 27, 58, 91, 149, 156, 143, 120, 112, 101, 148, 141, 124, 93, 72, 64, 39, 100, 42, 6, 123, 53, 48, 135, 37, 157, 40, 84, 36, 52, 10, 30, 133, 92, 46, 66, 111, 19, 85, 114, 86, 41, 144, 50, 131, 137, 116, 3, 63, 147, 12, 35, 14, 105, 110, 104, 43, 69, 80, 108, 106, 20, 155, 139, 68, 115, 28, 142, 90, 77, 59, 109, 24, 57, 94, 61, 134, 31, 75, 62, 136, 15, 38, 25, 146, 23, 97, 49, 119, 73, 45, 65, 34, 121, 78, 74, 82, 11, 67, 145, 122, 130, 32, 151, 138, 22, 113, 140, 76, 129, 150, 126, 88, 99, 154, 153, 18, 44, 2, 17, 1, 9, 102, 117, 55, 79, 107, 51, 33, 7, 160, 89]
Dataset                        CAL500
Number of labels (L)           161
Type                           ML-CV
Threshold                      0.5
Verbosity                      3


== Predictive Performance

Number of test instances (N)   
Accuracy                       0.174
Jaccard index                  0.174
Hamming score                  0.81 
Exact match                    0    
Jaccard distance               0.826
Hamming loss                   0.19 
ZeroOne loss                   1    
Harmonic score                 0.403
One error                      0.373
Rank loss                      0.413
Avg precision                  0.21 
Log Loss (lim. L)              0.967
Log Loss (lim. D)              0.841
F1 (micro averaged)            0.293
F1 (macro averaged by example) 0.29 
F1 (macro averaged by label)   0.112
AUPRC (macro averaged)         0.15 
AUROC (macro averaged)         0.491
Curve Data                     
Macro Curve Data               
Micro Curve Data               
Label indices                  [     0     1     2     3     4     5     6     7     8     9    10    11    12    13    14    15    16    17    18    19    20    21    22    23    24    25    26    27    28    29    30    31    32    33    34    35    36    37    38    39    40    41    42    43    44    45    46    47    48    49    50    51    52    53    54    55    56    57    58    59    60    61    62    63    64    65    66    67    68    69    70    71    72    73    74    75    76    77    78    79    80    81    82    83    84    85    86    87    88    89    90    91    92    93    94    95    96    97    98    99   100   101   102   103   104   105   106   107   108   109   110   111   112   113   114   115   116   117   118   119   120   121   122   123   124   125   126   127   128   129   130   131   132   133   134   135   136   137   138   139   140   141   142   143   144   145   146   147   148   149   150   151   152   153   154   155   156   157   158   159   160 ]
Accuracy (per label)           [ 0.976 0.518 0.843 0.687 0.867 0.494 0.554 0.759 0.602 0.663 0.711 0.627 0.566 0.602 0.940 0.554 0.590 0.627 0.554 0.759 0.687 0.602 0.711 0.590 0.518 0.843 0.651 0.723 0.759 0.711 0.831 0.434 0.699 0.735 0.747 0.627 0.651 0.940 0.988 0.952 0.735 0.964 0.916 0.952 0.988 0.988 0.988 0.988 0.976 0.988 0.976 0.940 0.771 0.904 0.988 0.964 0.892 0.687 0.940 0.976 0.928 0.735 0.892 0.687 0.964 0.807 0.795 0.602 0.614 0.795 0.482 0.627 0.687 0.482 0.988 0.964 0.892 0.398 0.976 0.747 0.759 0.952 0.819 0.904 0.771 0.964 0.964 0.904 0.639 0.735 0.916 0.530 0.771 0.566 0.687 0.735 0.639 0.687 0.566 0.735 0.566 0.867 0.518 0.988 0.831 0.663 0.916 0.482 0.542 0.542 0.675 0.880 0.916 0.458 0.904 0.867 0.614 0.976 0.964 0.807 0.952 0.976 0.964 0.964 0.988 0.867 0.988 0.855 0.988 0.976 0.783 0.976 0.988 0.964 0.988 0.940 0.988 0.988 0.964 0.904 0.867 0.892 0.867 0.904 0.988 0.988 0.988 0.771 0.988 0.988 0.964 0.916 0.988 0.904 0.988 0.988 0.952 0.867 0.988 0.880 0.988 ]
Empty labelvectors (predicted) 0    
Label cardinality (predicted)  19.422
Levenshtein distance           0.147


== Additional Measurements (averaged across folds)

Number of training instances   83
Number of test instances       83
Label cardinality (train set)  23.928
Label cardinality (test set)   23.943
Build Time                     0.313
Test Time                      0.039
Total Time                     0.351


Averaging: 0.32798423035303714