== Evaluation Info

Classifier                     Prepare_CC.Base_CC
Options                        [-S, 0, -W, weka.classifiers.trees.J48, --, -C, 0.25, -M, 2]
Additional Info                [25, 64, 13, 145, 90, 17, 34, 108, 2, 131, 134, 92, 116, 10, 138, 126, 117, 40, 23, 20, 48, 41, 81, 152, 130, 141, 85, 124, 33, 31, 127, 54, 99, 118, 42, 107, 35, 103, 94, 144, 29, 59, 38, 4, 120, 112, 135, 128, 79, 36, 43, 132, 93, 143, 66, 74, 69, 65, 82, 151, 11, 68, 78, 153, 114, 46, 16, 140, 51, 115, 98, 53, 30, 147, 113, 7, 44, 52, 9, 80, 122, 70, 67, 136, 37, 58, 73, 105, 76, 109, 75, 149, 3, 21, 60, 110, 87, 104, 8, 28, 121, 133, 5, 101, 88, 139, 71, 55, 72, 106, 57, 32, 15, 62, 119, 27, 63, 150, 14, 0, 137, 49, 89, 18, 97, 22, 95, 148, 146, 26, 45, 19, 24, 50, 39, 142, 96, 47, 86, 125, 102, 77, 123, 129, 6, 56, 12, 100, 84, 61, 111, 1, 91, 83]
Dataset                        CAL500
Number of labels (L)           154
Type                           ML-CV
Threshold                      0.5
Verbosity                      3


== Predictive Performance

Number of test instances (N)   
Accuracy                       0.26 
Jaccard index                  0.26 
Hamming score                  0.795
Exact match                    0    
Jaccard distance               0.74 
Hamming loss                   0.205
ZeroOne loss                   1    
Harmonic score                 0.542
One error                      0.431
Rank loss                      0.359
Avg precision                  0.285
Log Loss (lim. L)              1.031
Log Loss (lim. D)              0.804
F1 (micro averaged)            0.409
F1 (macro averaged by example) 0.405
F1 (macro averaged by label)   0.148
AUPRC (macro averaged)         0.182
AUROC (macro averaged)         0.489
Curve Data                     
Macro Curve Data               
Micro Curve Data               
Label indices                  [     0     1     2     3     4     5     6     7     8     9    10    11    12    13    14    15    16    17    18    19    20    21    22    23    24    25    26    27    28    29    30    31    32    33    34    35    36    37    38    39    40    41    42    43    44    45    46    47    48    49    50    51    52    53    54    55    56    57    58    59    60    61    62    63    64    65    66    67    68    69    70    71    72    73    74    75    76    77    78    79    80    81    82    83    84    85    86    87    88    89    90    91    92    93    94    95    96    97    98    99   100   101   102   103   104   105   106   107   108   109   110   111   112   113   114   115   116   117   118   119   120   121   122   123   124   125   126   127   128   129   130   131   132   133   134   135   136   137   138   139   140   141   142   143   144   145   146   147   148   149   150   151   152   153 ]
Accuracy (per label)           [ 0.902 0.471 0.412 0.980 0.627 0.471 0.667 0.490 0.863 0.588 0.451 0.784 0.490 0.980 0.588 0.980 0.549 0.549 0.569 0.804 0.529 0.569 0.588 0.882 0.490 0.863 0.431 0.980 0.980 0.667 0.784 0.627 0.647 0.529 0.804 0.863 0.980 0.725 0.980 0.922 0.961 0.980 0.706 0.980 0.941 0.961 0.902 0.882 0.961 0.941 0.941 0.882 0.882 0.941 0.980 0.980 0.980 0.980 0.824 0.627 0.922 0.706 0.922 0.980 0.608 0.392 0.824 0.569 0.608 0.902 0.627 0.980 0.843 0.569 0.647 0.980 0.804 0.902 0.667 0.941 0.804 0.980 0.588 0.980 0.843 0.588 0.490 0.765 0.510 0.706 0.588 0.569 0.980 0.549 0.980 0.451 0.980 0.569 0.922 0.804 0.980 0.333 0.647 0.588 0.686 0.961 0.569 0.667 0.647 0.843 0.745 0.471 0.941 0.765 0.980 0.725 0.824 0.902 0.882 0.980 0.980 0.863 0.980 0.961 0.882 0.980 0.686 0.922 0.980 0.804 0.863 0.980 0.980 0.980 0.549 0.804 0.882 0.922 0.980 0.961 0.980 0.980 0.824 0.922 0.941 0.980 0.961 0.941 0.902 0.980 0.941 0.882 0.922 0.922 ]
Empty labelvectors (predicted) 0    
Label cardinality (predicted)  25.961
Levenshtein distance           0.165


== Additional Measurements (averaged across folds)

Number of training instances   51
Number of test instances       51
Label cardinality (train set)  27.393
Label cardinality (test set)   27.42
Build Time                     0.182
Test Time                      0.026
Total Time                     0.207


Averaging: 0.3517326085585393