== Evaluation Info

Classifier                     Prepare_CC.Base_CC
Options                        [-S, 0, -W, weka.classifiers.trees.J48, --, -C, 0.25, -M, 2]
Additional Info                [79, 35, 129, 108, 84, 120, 123, 70, 20, 14, 4, 128, 44, 77, 137, 75, 61, 41, 5, 95, 109, 68, 45, 23, 3, 59, 126, 52, 138, 16, 48, 55, 73, 12, 89, 2, 29, 106, 56, 32, 72, 87, 62, 30, 131, 53, 57, 51, 114, 28, 69, 134, 54, 46, 116, 49, 96, 65, 107, 25, 67, 50, 40, 31, 93, 37, 22, 124, 38, 13, 10, 81, 125, 110, 82, 99, 9, 43, 133, 97, 135, 85, 112, 90, 130, 142, 18, 27, 91, 113, 143, 78, 64, 102, 111, 8, 24, 6, 11, 127, 47, 103, 71, 76, 121, 39, 122, 101, 74, 139, 132, 34, 36, 7, 58, 88, 105, 80, 98, 104, 33, 26, 92, 119, 140, 66, 19, 21, 117, 86, 94, 42, 17, 1, 60, 118, 0, 115, 15, 136, 83, 141, 63, 100]
Dataset                        CAL500
Number of labels (L)           144
Type                           ML-CV
Threshold                      0.5
Verbosity                      3


== Predictive Performance

Number of test instances (N)   
Accuracy                       0.302
Jaccard index                  0.302
Hamming score                  0.801
Exact match                    0    
Jaccard distance               0.698
Hamming loss                   0.199
ZeroOne loss                   1    
Harmonic score                 0.591
One error                      0.359
Rank loss                      0.334
Avg precision                  0.33 
Log Loss (lim. L)              0.987
Log Loss (lim. D)              0.865
F1 (micro averaged)            0.465
F1 (macro averaged by example) 0.456
F1 (macro averaged by label)   0.173
AUPRC (macro averaged)         0.193
AUROC (macro averaged)         0.497
Curve Data                     
Macro Curve Data               
Micro Curve Data               
Label indices                  [     0     1     2     3     4     5     6     7     8     9    10    11    12    13    14    15    16    17    18    19    20    21    22    23    24    25    26    27    28    29    30    31    32    33    34    35    36    37    38    39    40    41    42    43    44    45    46    47    48    49    50    51    52    53    54    55    56    57    58    59    60    61    62    63    64    65    66    67    68    69    70    71    72    73    74    75    76    77    78    79    80    81    82    83    84    85    86    87    88    89    90    91    92    93    94    95    96    97    98    99   100   101   102   103   104   105   106   107   108   109   110   111   112   113   114   115   116   117   118   119   120   121   122   123   124   125   126   127   128   129   130   131   132   133   134   135   136   137   138   139   140   141   142   143 ]
Accuracy (per label)           [ 0.987 0.551 0.462 0.987 0.949 0.590 0.833 0.590 0.590 0.949 0.551 0.641 0.846 0.462 0.974 0.628 0.987 0.859 0.551 0.500 0.859 0.769 0.526 0.423 0.974 0.590 0.987 0.500 0.974 0.795 0.885 0.423 0.769 0.462 0.795 0.949 0.526 0.897 0.872 0.987 0.808 0.987 0.987 0.962 0.910 0.718 0.962 0.949 0.987 0.962 0.974 0.962 0.641 0.679 0.474 0.974 0.821 0.526 0.526 0.897 0.564 0.526 0.756 0.821 0.987 0.987 0.897 0.756 0.987 0.744 0.846 0.949 0.949 0.667 0.974 0.923 0.808 0.500 0.974 0.769 0.603 0.500 0.974 0.628 0.808 0.603 0.449 0.974 0.615 0.974 0.449 0.949 0.603 0.974 0.846 0.474 0.603 0.551 0.603 0.962 0.551 0.603 0.731 0.987 0.782 0.551 0.910 0.795 0.795 0.987 0.974 0.962 0.936 0.974 0.910 0.962 0.987 0.795 0.936 0.744 0.974 0.987 0.987 0.641 0.718 0.962 0.667 0.987 0.923 0.897 0.987 0.962 0.974 0.859 0.885 0.846 0.974 0.987 0.987 0.885 0.987 0.859 0.949 0.974 ]
Empty labelvectors (predicted) 0    
Label cardinality (predicted)  26.077
Levenshtein distance           0.166


== Additional Measurements (averaged across folds)

Number of training instances   78
Number of test instances       78
Label cardinality (train set)  27.333
Label cardinality (test set)   27.27
Build Time                     0.249
Test Time                      0.025
Total Time                     0.274


Averaging: 0.36788756453886445