== Evaluation Info

Classifier                     Prepare_CC.Base_CC
Options                        [-S, 0, -W, weka.classifiers.trees.J48, --, -C, 0.25, -M, 2]
Additional Info                [78, 114, 47, 134, 131, 139, 73, 68, 33, 35, 91, 6, 129, 20, 79, 58, 45, 113, 106, 39, 48, 82, 15, 126, 83, 29, 65, 127, 124, 12, 136, 9, 55, 87, 37, 38, 81, 61, 62, 105, 24, 50, 32, 51, 85, 103, 36, 3, 108, 110, 72, 7, 84, 99, 94, 67, 0, 17, 104, 88, 109, 16, 1, 43, 69, 46, 74, 122, 26, 49, 116, 137, 59, 90, 102, 130, 76, 100, 4, 28, 93, 98, 117, 27, 121, 56, 111, 77, 44, 8, 89, 5, 18, 119, 70, 135, 132, 52, 11, 101, 138, 42, 63, 10, 80, 40, 125, 54, 128, 41, 21, 97, 133, 57, 112, 2, 19, 53, 60, 92, 71, 120, 96, 123, 115, 23, 25, 22, 13, 30, 14, 118, 34, 31, 95, 66, 75, 64, 86, 107]
Dataset                        CAL500
Number of labels (L)           140
Type                           ML-CV
Threshold                      0.5
Verbosity                      3


== Predictive Performance

Number of test instances (N)   
Accuracy                       0.31 
Jaccard index                  0.31 
Hamming score                  0.803
Exact match                    0    
Jaccard distance               0.69 
Hamming loss                   0.197
ZeroOne loss                   1    
Harmonic score                 0.596
One error                      0.53 
Rank loss                      0.334
Avg precision                  0.338
Log Loss (lim. L)              0.972
Log Loss (lim. D)              0.824
F1 (micro averaged)            0.47 
F1 (macro averaged by example) 0.467
F1 (macro averaged by label)   0.184
AUPRC (macro averaged)         0.201
AUROC (macro averaged)         0.505
Curve Data                     
Macro Curve Data               
Micro Curve Data               
Label indices                  [     0     1     2     3     4     5     6     7     8     9    10    11    12    13    14    15    16    17    18    19    20    21    22    23    24    25    26    27    28    29    30    31    32    33    34    35    36    37    38    39    40    41    42    43    44    45    46    47    48    49    50    51    52    53    54    55    56    57    58    59    60    61    62    63    64    65    66    67    68    69    70    71    72    73    74    75    76    77    78    79    80    81    82    83    84    85    86    87    88    89    90    91    92    93    94    95    96    97    98    99   100   101   102   103   104   105   106   107   108   109   110   111   112   113   114   115   116   117   118   119   120   121   122   123   124   125   126   127   128   129   130   131   132   133   134   135   136   137   138   139 ]
Accuracy (per label)           [ 0.788 0.530 0.591 0.939 0.909 0.606 0.606 0.833 0.515 0.742 0.576 0.742 0.697 0.697 0.894 0.682 0.591 0.985 0.545 0.788 0.530 0.682 0.955 0.561 0.788 0.470 0.515 0.970 0.879 0.591 0.879 0.682 0.439 0.985 0.985 0.985 0.545 0.985 0.985 0.985 0.985 0.970 0.773 0.803 0.955 0.985 0.894 0.985 0.985 0.970 0.848 0.970 0.894 0.985 0.833 0.985 0.439 0.909 0.985 0.561 0.348 0.970 0.530 0.606 0.667 0.773 0.939 0.985 0.621 0.924 0.970 0.970 0.712 0.970 0.985 0.591 0.682 0.773 0.561 0.697 0.955 0.455 0.985 0.545 0.591 0.818 0.697 0.652 0.500 0.909 0.818 0.621 0.758 0.955 0.712 0.773 0.667 0.712 0.955 0.864 0.470 0.894 0.939 0.636 0.924 0.848 0.803 0.909 0.985 0.985 0.970 0.727 0.879 0.955 0.985 0.909 0.909 0.924 0.955 0.864 0.894 0.909 0.985 0.727 0.848 0.682 0.712 0.939 0.894 0.924 0.970 0.924 0.894 0.985 0.848 0.924 0.848 0.697 0.985 0.833 ]
Empty labelvectors (predicted) 0    
Label cardinality (predicted)  25.03
Levenshtein distance           0.168


== Additional Measurements (averaged across folds)

Number of training instances   66
Number of test instances       66
Label cardinality (train set)  26.894
Label cardinality (test set)   26.91
Build Time                     0.214
Test Time                      0.024
Total Time                     0.238


Averaging: 0.37102686101427823