== Evaluation Info

Classifier                     Prepare_CC.Base_CC
Options                        [-S, 0, -W, weka.classifiers.trees.J48, --, -C, 0.25, -M, 2]
Additional Info                [42, 80, 2, 107, 91, 59, 9, 95, 112, 88, 12, 28, 86, 113, 106, 135, 150, 61, 29, 64, 24, 48, 34, 124, 117, 23, 10, 140, 132, 105, 129, 22, 20, 110, 70, 21, 27, 136, 43, 137, 92, 3, 127, 51, 40, 104, 75, 68, 77, 54, 115, 90, 103, 13, 52, 100, 60, 78, 128, 55, 65, 108, 145, 30, 67, 53, 58, 8, 63, 16, 37, 81, 141, 99, 149, 130, 50, 35, 101, 57, 93, 133, 84, 111, 125, 5, 6, 87, 102, 131, 56, 121, 143, 69, 14, 97, 32, 0, 98, 134, 45, 151, 73, 139, 7, 118, 120, 62, 85, 11, 82, 46, 39, 122, 96, 36, 71, 26, 47, 1, 41, 4, 142, 83, 25, 18, 72, 31, 79, 38, 94, 89, 144, 17, 116, 148, 119, 114, 74, 146, 49, 19, 66, 33, 138, 76, 15, 126, 123, 147, 44, 109]
Dataset                        CAL500
Number of labels (L)           152
Type                           ML-CV
Threshold                      0.5
Verbosity                      3


== Predictive Performance

Number of test instances (N)   
Accuracy                       0.207
Jaccard index                  0.207
Hamming score                  0.816
Exact match                    0    
Jaccard distance               0.793
Hamming loss                   0.184
ZeroOne loss                   1    
Harmonic score                 0.457
One error                      0.304
Rank loss                      0.385
Avg precision                  0.234
Log Loss (lim. L)              0.925
Log Loss (lim. D)              0.804
F1 (micro averaged)            0.338
F1 (macro averaged by example) 0.337
F1 (macro averaged by label)   0.121
AUPRC (macro averaged)         0.155
AUROC (macro averaged)         0.494
Curve Data                     
Macro Curve Data               
Micro Curve Data               
Label indices                  [     0     1     2     3     4     5     6     7     8     9    10    11    12    13    14    15    16    17    18    19    20    21    22    23    24    25    26    27    28    29    30    31    32    33    34    35    36    37    38    39    40    41    42    43    44    45    46    47    48    49    50    51    52    53    54    55    56    57    58    59    60    61    62    63    64    65    66    67    68    69    70    71    72    73    74    75    76    77    78    79    80    81    82    83    84    85    86    87    88    89    90    91    92    93    94    95    96    97    98    99   100   101   102   103   104   105   106   107   108   109   110   111   112   113   114   115   116   117   118   119   120   121   122   123   124   125   126   127   128   129   130   131   132   133   134   135   136   137   138   139   140   141   142   143   144   145   146   147   148   149   150   151 ]
Accuracy (per label)           [ 0.646 0.873 0.582 0.937 0.519 0.633 0.861 0.570 0.582 0.747 0.494 0.557 0.797 0.468 0.734 0.658 0.633 0.949 0.658 0.532 0.608 0.709 0.468 0.962 0.557 0.696 0.785 0.759 0.709 0.608 0.595 0.873 0.734 0.684 0.696 0.962 0.987 0.911 0.835 0.987 0.962 0.911 0.987 0.975 0.975 0.987 0.924 0.810 0.873 0.987 0.962 0.848 0.848 0.937 0.987 0.873 0.848 0.835 0.671 0.873 0.759 0.873 0.620 0.544 0.911 0.595 0.532 0.823 0.646 0.962 0.962 0.924 0.519 0.962 0.747 0.886 0.962 0.924 0.924 0.747 0.975 0.962 0.949 0.949 0.646 0.722 0.899 0.468 0.873 0.506 0.848 0.646 0.772 0.684 0.633 0.722 0.557 0.899 0.468 0.975 0.810 0.696 0.899 0.646 0.481 0.620 0.658 0.810 0.975 0.418 0.962 0.848 0.696 0.975 0.759 0.962 0.975 0.924 0.937 0.987 0.899 0.987 0.911 0.975 0.987 0.835 0.962 0.987 0.962 0.987 0.949 0.949 0.911 0.886 0.937 0.899 0.987 0.987 0.873 0.987 0.962 0.962 0.987 0.962 0.924 0.987 0.975 0.886 0.975 0.924 0.987 0.987 ]
Empty labelvectors (predicted) 0    
Label cardinality (predicted)  19.152
Levenshtein distance           0.146


== Additional Measurements (averaged across folds)

Number of training instances   79
Number of test instances       79
Label cardinality (train set)  23.076
Label cardinality (test set)   23.075
Build Time                     0.321
Test Time                      0.033
Total Time                     0.354


Averaging: 0.3411447116316919