== Evaluation Info

Classifier                     Prepare_CC.Base_CC
Options                        [-S, 0, -W, weka.classifiers.trees.J48, --, -C, 0.25, -M, 2]
Additional Info                [41, 154, 73, 145, 127, 5, 57, 48, 158, 104, 133, 102, 115, 27, 134, 29, 112, 28, 88, 128, 121, 24, 71, 43, 89, 10, 78, 4, 0, 125, 25, 85, 74, 72, 21, 47, 20, 103, 22, 107, 130, 105, 67, 26, 42, 14, 11, 129, 131, 117, 95, 75, 91, 77, 34, 59, 101, 142, 97, 82, 8, 132, 147, 2, 155, 93, 31, 83, 159, 110, 120, 140, 33, 156, 40, 90, 136, 114, 66, 119, 146, 124, 109, 118, 46, 69, 160, 92, 23, 139, 70, 81, 13, 44, 106, 9, 54, 63, 16, 68, 17, 51, 153, 50, 144, 1, 96, 113, 61, 62, 108, 30, 122, 32, 7, 12, 116, 39, 45, 79, 143, 52, 55, 162, 84, 58, 37, 161, 152, 151, 99, 15, 6, 53, 87, 19, 76, 157, 38, 80, 148, 141, 123, 94, 138, 135, 36, 98, 60, 3, 18, 64, 86, 56, 111, 49, 149, 100, 126, 137, 65, 150, 35]
Dataset                        CAL500
Number of labels (L)           163
Type                           ML-CV
Threshold                      0.5
Verbosity                      3


== Predictive Performance

Number of test instances (N)   
Accuracy                       0.241
Jaccard index                  0.241
Hamming score                  0.815
Exact match                    0    
Jaccard distance               0.759
Hamming loss                   0.185
ZeroOne loss                   1    
Harmonic score                 0.496
One error                      0.244
Rank loss                      0.373
Avg precision                  0.27 
Log Loss (lim. L)              0.942
Log Loss (lim. D)              0.832
F1 (micro averaged)            0.381
F1 (macro averaged by example) 0.38 
F1 (macro averaged by label)   0.144
AUPRC (macro averaged)         0.169
AUROC (macro averaged)         0.501
Curve Data                     
Macro Curve Data               
Micro Curve Data               
Label indices                  [     0     1     2     3     4     5     6     7     8     9    10    11    12    13    14    15    16    17    18    19    20    21    22    23    24    25    26    27    28    29    30    31    32    33    34    35    36    37    38    39    40    41    42    43    44    45    46    47    48    49    50    51    52    53    54    55    56    57    58    59    60    61    62    63    64    65    66    67    68    69    70    71    72    73    74    75    76    77    78    79    80    81    82    83    84    85    86    87    88    89    90    91    92    93    94    95    96    97    98    99   100   101   102   103   104   105   106   107   108   109   110   111   112   113   114   115   116   117   118   119   120   121   122   123   124   125   126   127   128   129   130   131   132   133   134   135   136   137   138   139   140   141   142   143   144   145   146   147   148   149   150   151   152   153   154   155   156   157   158   159   160   161   162 ]
Accuracy (per label)           [ 0.989 0.756 0.644 0.589 0.478 0.522 0.911 0.600 0.789 0.811 0.678 0.478 0.900 0.822 0.511 0.589 0.733 0.511 0.811 0.744 0.656 0.522 0.722 0.600 0.933 0.522 0.767 0.589 0.789 0.811 0.567 0.533 0.833 0.444 0.833 0.833 0.989 0.944 0.978 0.867 0.978 0.922 0.889 0.967 0.978 0.933 0.967 0.956 0.956 0.933 0.956 0.844 0.756 0.889 0.978 0.989 0.811 0.856 0.889 0.989 0.822 0.756 0.856 0.744 0.978 0.833 0.978 0.622 0.578 0.978 0.489 0.689 0.956 0.722 0.967 0.911 0.622 0.967 0.589 0.856 0.900 0.811 0.989 0.922 0.956 0.489 0.900 0.933 0.489 0.867 0.578 0.733 0.544 0.678 0.611 0.467 0.967 0.456 0.856 0.444 0.978 0.556 0.767 0.711 0.956 0.567 0.533 0.667 0.822 0.922 0.867 0.422 0.833 0.889 0.856 0.556 0.989 0.989 0.722 0.911 0.967 0.811 0.856 0.944 0.833 0.978 0.944 0.978 0.989 0.933 0.978 0.533 0.978 0.989 0.900 0.911 0.989 0.989 0.978 0.844 0.789 0.922 0.922 0.978 0.800 0.978 0.944 0.978 0.989 0.933 0.967 0.922 0.978 0.989 0.956 0.956 0.967 0.967 0.944 0.856 0.822 0.978 0.967 ]
Empty labelvectors (predicted) 0    
Label cardinality (predicted)  21.9
Levenshtein distance           0.149


== Additional Measurements (averaged across folds)

Number of training instances   90
Number of test instances       90
Label cardinality (train set)  26.744
Label cardinality (test set)   26.744
Build Time                     0.348
Test Time                      0.038
Total Time                     0.386


Averaging: 0.35189758671150057