== Evaluation Info

Classifier                     Prepare_CC.Base_CC
Options                        [-S, 0, -W, weka.classifiers.trees.J48, --, -C, 0.25, -M, 2]
Additional Info                [119, 30, 130, 64, 134, 21, 135, 13, 81, 158, 42, 54, 93, 40, 31, 127, 69, 150, 156, 29, 7, 23, 154, 137, 55, 109, 68, 140, 171, 66, 142, 139, 124, 37, 56, 5, 160, 141, 128, 105, 12, 73, 118, 173, 57, 26, 63, 106, 60, 87, 170, 78, 138, 121, 76, 20, 116, 129, 99, 148, 52, 100, 77, 125, 107, 43, 48, 111, 79, 1, 103, 39, 113, 149, 75, 15, 2, 33, 47, 92, 120, 101, 91, 83, 89, 104, 80, 32, 53, 67, 51, 161, 65, 28, 112, 162, 98, 167, 14, 94, 117, 136, 11, 86, 172, 132, 102, 6, 133, 16, 147, 164, 18, 3, 25, 36, 45, 41, 35, 24, 27, 96, 70, 10, 165, 62, 8, 19, 95, 168, 126, 153, 155, 44, 88, 34, 90, 97, 110, 114, 22, 108, 74, 17, 58, 72, 115, 169, 146, 9, 85, 0, 4, 38, 46, 49, 50, 59, 61, 71, 82, 84, 122, 123, 131, 143, 144, 145, 151, 152, 157, 159, 163, 166]
Dataset                        CAL500
Number of labels (L)           174
Type                           ML-CV
Threshold                      0.5
Verbosity                      3


== Predictive Performance

Number of test instances (N)   
Accuracy                       0.29 
Jaccard index                  0.29 
Hamming score                  0.838
Exact match                    0    
Jaccard distance               0.71 
Hamming loss                   0.162
ZeroOne loss                   1    
Harmonic score                 0.576
One error                      0.106
Rank loss                      0.323
Avg precision                  0.299
Log Loss (lim. L)              0.835
Log Loss (lim. D)              0.719
F1 (micro averaged)            0.449
F1 (macro averaged by example) 0.444
F1 (macro averaged by label)   0.148
AUPRC (macro averaged)         NaN
AUROC (macro averaged)         NaN
Curve Data                     
Macro Curve Data               
Micro Curve Data               
Label indices                  [     0     1     2     3     4     5     6     7     8     9    10    11    12    13    14    15    16    17    18    19    20    21    22    23    24    25    26    27    28    29    30    31    32    33    34    35    36    37    38    39    40    41    42    43    44    45    46    47    48    49    50    51    52    53    54    55    56    57    58    59    60    61    62    63    64    65    66    67    68    69    70    71    72    73    74    75    76    77    78    79    80    81    82    83    84    85    86    87    88    89    90    91    92    93    94    95    96    97    98    99   100   101   102   103   104   105   106   107   108   109   110   111   112   113   114   115   116   117   118   119   120   121   122   123   124   125   126   127   128   129   130   131   132   133   134   135   136   137   138   139   140   141   142   143   144   145   146   147   148   149   150   151   152   153   154   155   156   157   158   159   160   161   162   163   164   165   166   167   168   169   170   171   172   173 ]
Accuracy (per label)           [ 1.000 0.894 0.918 0.576 1.000 0.600 0.624 0.988 0.729 0.776 0.812 0.612 0.518 0.988 0.918 0.612 0.718 0.671 0.471 0.894 0.800 0.706 0.506 0.788 0.624 0.988 0.541 0.824 0.635 0.706 0.765 0.588 0.588 0.976 0.506 0.871 0.812 0.965 1.000 0.976 0.612 0.988 0.776 0.965 0.965 0.976 1.000 0.941 0.988 1.000 1.000 0.976 0.800 0.729 0.824 0.941 0.988 0.906 0.859 1.000 0.847 1.000 0.835 0.765 0.800 0.859 0.976 0.765 0.988 0.612 0.600 1.000 0.565 0.694 0.976 0.729 0.988 0.988 0.882 0.682 0.988 0.600 1.000 0.882 1.000 0.812 0.871 0.988 0.988 0.882 0.941 0.400 0.776 0.976 0.635 0.988 0.741 0.941 0.506 0.765 0.529 0.494 0.871 0.506 0.835 0.518 0.976 0.494 0.753 0.835 0.976 0.788 0.471 0.729 0.800 0.941 0.965 0.565 0.882 0.929 0.871 0.647 1.000 1.000 0.682 0.824 0.953 0.812 0.812 0.965 0.788 1.000 0.965 0.988 0.988 0.953 0.906 0.965 0.353 0.941 0.988 0.800 0.894 1.000 1.000 1.000 0.988 0.741 0.659 0.871 0.824 1.000 1.000 0.741 0.882 0.976 0.965 1.000 0.953 1.000 0.965 0.953 0.859 1.000 0.988 0.976 1.000 0.988 0.953 0.976 0.871 0.871 0.953 0.965 ]
Empty labelvectors (predicted) 0    
Label cardinality (predicted)  24.259
Levenshtein distance           0.139


== Additional Measurements (averaged across folds)

Number of training instances   85
Number of test instances       85
Label cardinality (train set)  26.859
Label cardinality (test set)   26.85
Build Time                     0.296
Test Time                      0.045
Total Time                     0.341


Averaging: 0.37609155969709546