== Evaluation Info

Classifier                     Prepare_CC.Base_CC
Options                        [-S, 0, -W, weka.classifiers.trees.J48, --, -C, 0.25, -M, 2]
Additional Info                [105, 18, 66, 5, 167, 149, 76, 16, 10, 104, 87, 169, 75, 106, 79, 41, 59, 9, 115, 133, 27, 86, 14, 74, 60, 99, 168, 40, 165, 28, 163, 32, 69, 90, 97, 22, 122, 118, 161, 19, 17, 102, 157, 24, 151, 159, 39, 7, 82, 63, 144, 121, 170, 80, 112, 109, 123, 127, 23, 84, 4, 78, 70, 65, 142, 148, 3, 35, 147, 1, 77, 95, 140, 53, 150, 15, 164, 50, 101, 130, 91, 25, 47, 166, 119, 96, 31, 111, 29, 128, 110, 71, 135, 85, 45, 103, 38, 20, 2, 131, 136, 93, 6, 12, 64, 120, 145, 117, 49, 58, 36, 30, 62, 51, 73, 68, 153, 11, 107, 57, 0, 67, 8, 94, 125, 54, 173, 116, 141, 156, 55, 88, 155, 113, 46, 158, 26, 72, 33, 138, 13, 126, 92, 162, 21, 146, 100, 114, 108, 81, 152, 139, 98, 83, 134, 61, 34, 89, 37, 42, 43, 44, 48, 52, 56, 124, 129, 132, 137, 143, 154, 160, 171, 172]
Dataset                        CAL500
Number of labels (L)           174
Type                           ML-CV
Threshold                      0.5
Verbosity                      3


== Predictive Performance

Number of test instances (N)   
Accuracy                       0.281
Jaccard index                  0.281
Hamming score                  0.836
Exact match                    0    
Jaccard distance               0.719
Hamming loss                   0.164
ZeroOne loss                   1    
Harmonic score                 0.557
One error                      0.491
Rank loss                      0.334
Avg precision                  0.294
Log Loss (lim. L)              0.846
Log Loss (lim. D)              0.773
F1 (micro averaged)            0.437
F1 (macro averaged by example) 0.428
F1 (macro averaged by label)   0.142
AUPRC (macro averaged)         NaN
AUROC (macro averaged)         NaN
Curve Data                     
Macro Curve Data               
Micro Curve Data               
Label indices                  [     0     1     2     3     4     5     6     7     8     9    10    11    12    13    14    15    16    17    18    19    20    21    22    23    24    25    26    27    28    29    30    31    32    33    34    35    36    37    38    39    40    41    42    43    44    45    46    47    48    49    50    51    52    53    54    55    56    57    58    59    60    61    62    63    64    65    66    67    68    69    70    71    72    73    74    75    76    77    78    79    80    81    82    83    84    85    86    87    88    89    90    91    92    93    94    95    96    97    98    99   100   101   102   103   104   105   106   107   108   109   110   111   112   113   114   115   116   117   118   119   120   121   122   123   124   125   126   127   128   129   130   131   132   133   134   135   136   137   138   139   140   141   142   143   144   145   146   147   148   149   150   151   152   153   154   155   156   157   158   159   160   161   162   163   164   165   166   167   168   169   170   171   172   173 ]
Accuracy (per label)           [ 0.804 0.491 0.509 0.955 0.973 0.625 0.964 0.438 0.670 0.634 0.598 0.643 0.688 0.830 0.545 0.911 0.589 0.723 0.964 0.482 0.732 0.616 0.964 0.580 0.705 0.732 0.705 0.714 0.527 0.946 0.973 0.473 0.991 0.607 0.991 0.563 0.634 1.000 0.991 0.973 0.616 0.973 1.000 1.000 1.000 0.938 0.982 0.955 1.000 0.920 0.902 0.955 1.000 0.938 0.973 0.991 1.000 0.920 0.982 0.866 0.964 0.964 0.982 0.804 0.929 0.491 0.964 0.938 0.982 0.411 0.464 0.920 0.643 0.571 0.661 0.848 0.964 0.973 0.991 0.795 0.991 0.929 0.946 0.982 0.911 0.991 0.571 0.991 0.991 0.964 0.991 0.420 0.830 0.920 0.545 0.491 0.929 0.589 0.929 0.563 0.991 0.563 0.795 0.616 0.696 0.589 0.893 0.786 0.705 0.759 0.982 0.438 0.813 0.527 0.589 0.902 0.688 0.518 0.804 0.973 0.893 0.491 0.875 0.804 1.000 0.804 0.982 0.991 0.982 1.000 0.991 0.938 1.000 0.821 0.911 0.946 0.973 1.000 0.893 0.991 0.929 0.911 0.902 1.000 0.964 0.964 0.982 0.670 0.813 0.768 0.696 0.964 0.973 0.964 1.000 0.973 0.991 0.929 0.973 0.964 1.000 0.938 0.991 0.795 0.964 0.991 0.902 0.696 0.991 0.991 0.902 1.000 1.000 0.982 ]
Empty labelvectors (predicted) 0    
Label cardinality (predicted)  23.946
Levenshtein distance           0.138


== Additional Measurements (averaged across folds)

Number of training instances   112
Number of test instances       112
Label cardinality (train set)  26.732
Label cardinality (test set)   26.722
Build Time                     0.425
Test Time                      0.058
Total Time                     0.483


Averaging: 0.3724255547296084