== Evaluation Info

Classifier                     Prepare_CC.Base_CC
Options                        [-S, 0, -W, weka.classifiers.trees.J48, --, -C, 0.25, -M, 2]
Additional Info                [54, 171, 97, 123, 130, 7, 44, 69, 22, 133, 35, 131, 18, 167, 86, 8, 166, 152, 115, 73, 16, 70, 15, 116, 4, 61, 91, 170, 49, 46, 72, 5, 112, 94, 118, 40, 64, 33, 13, 107, 120, 157, 114, 117, 67, 102, 145, 151, 74, 103, 141, 121, 136, 85, 92, 124, 140, 14, 19, 71, 28, 125, 165, 31, 168, 108, 149, 104, 34, 98, 82, 48, 99, 161, 163, 26, 1, 55, 147, 53, 10, 32, 126, 75, 0, 2, 81, 42, 25, 29, 105, 89, 78, 63, 68, 122, 21, 12, 119, 135, 20, 36, 143, 150, 50, 27, 134, 84, 162, 79, 59, 45, 127, 88, 24, 56, 11, 101, 57, 96, 9, 153, 138, 3, 109, 132, 23, 146, 83, 93, 142, 6, 38, 159, 65, 155, 111, 144, 148, 172, 47, 62, 95, 58, 113, 17, 30, 37, 39, 41, 43, 51, 52, 60, 66, 76, 77, 80, 87, 90, 100, 106, 110, 128, 129, 137, 139, 154, 156, 158, 160, 164, 169, 173]
Dataset                        CAL500
Number of labels (L)           174
Type                           ML-CV
Threshold                      0.5
Verbosity                      3


== Predictive Performance

Number of test instances (N)   
Accuracy                       0.267
Jaccard index                  0.267
Hamming score                  0.837
Exact match                    0    
Jaccard distance               0.733
Hamming loss                   0.163
ZeroOne loss                   1    
Harmonic score                 0.54 
One error                      0.426
Rank loss                      0.337
Avg precision                  0.281
Log Loss (lim. L)              0.843
Log Loss (lim. D)              0.652
F1 (micro averaged)            0.414
F1 (macro averaged by example) 0.414
F1 (macro averaged by label)   0.131
AUPRC (macro averaged)         NaN
AUROC (macro averaged)         NaN
Curve Data                     
Macro Curve Data               
Micro Curve Data               
Label indices                  [     0     1     2     3     4     5     6     7     8     9    10    11    12    13    14    15    16    17    18    19    20    21    22    23    24    25    26    27    28    29    30    31    32    33    34    35    36    37    38    39    40    41    42    43    44    45    46    47    48    49    50    51    52    53    54    55    56    57    58    59    60    61    62    63    64    65    66    67    68    69    70    71    72    73    74    75    76    77    78    79    80    81    82    83    84    85    86    87    88    89    90    91    92    93    94    95    96    97    98    99   100   101   102   103   104   105   106   107   108   109   110   111   112   113   114   115   116   117   118   119   120   121   122   123   124   125   126   127   128   129   130   131   132   133   134   135   136   137   138   139   140   141   142   143   144   145   146   147   148   149   150   151   152   153   154   155   156   157   158   159   160   161   162   163   164   165   166   167   168   169   170   171   172   173 ]
Accuracy (per label)           [ 0.889 0.574 0.537 0.981 0.981 0.556 0.870 0.574 0.537 0.741 0.500 0.759 0.815 0.741 0.370 0.833 0.444 0.963 0.833 0.519 0.630 0.796 0.926 0.593 0.593 0.685 0.556 0.815 0.537 0.944 1.000 0.481 0.981 0.444 0.926 0.463 0.907 1.000 0.963 1.000 0.870 1.000 0.981 1.000 0.981 0.722 0.981 0.981 0.981 0.870 0.889 1.000 1.000 0.963 0.833 0.981 0.981 0.981 0.981 0.611 1.000 0.704 0.944 0.630 0.963 0.741 1.000 0.981 0.889 0.500 0.741 0.593 0.574 0.778 0.981 0.722 1.000 1.000 0.981 0.630 1.000 0.741 0.796 0.944 0.630 0.981 0.611 1.000 0.981 0.981 1.000 0.407 0.870 0.944 0.593 0.574 0.889 0.519 0.944 0.611 1.000 0.667 0.907 0.426 0.944 0.796 1.000 0.815 0.852 0.889 1.000 0.722 0.519 0.630 0.704 0.981 0.611 0.778 0.685 0.981 0.870 0.667 0.759 0.741 0.926 0.926 0.889 0.981 1.000 1.000 0.870 0.981 0.981 0.852 0.722 0.870 0.796 1.000 0.907 1.000 0.981 0.870 0.981 0.981 0.667 0.963 0.926 0.704 0.852 0.981 0.926 0.981 0.981 0.981 1.000 0.981 1.000 0.685 1.000 0.685 1.000 0.889 0.963 0.944 1.000 0.981 0.963 0.981 0.944 1.000 0.963 0.963 0.963 1.000 ]
Empty labelvectors (predicted) 0    
Label cardinality (predicted)  22.648
Levenshtein distance           0.136


== Additional Measurements (averaged across folds)

Number of training instances   54
Number of test instances       54
Label cardinality (train set)  25.869
Label cardinality (test set)   25.8
Build Time                     0.136
Test Time                      0.025
Total Time                     0.161


Averaging: 0.36771020044157177