== Evaluation Info

Classifier                     Prepare_CC.Base_CC
Options                        [-S, 0, -W, weka.classifiers.trees.J48, --, -C, 0.25, -M, 2]
Additional Info                [169, 114, 36, 86, 3, 126, 142, 35, 85, 91, 46, 162, 129, 66, 93, 31, 60, 77, 18, 163, 21, 106, 57, 87, 139, 118, 4, 96, 74, 78, 160, 39, 155, 52, 132, 101, 135, 71, 166, 153, 123, 42, 56, 17, 94, 80, 40, 23, 55, 63, 109, 20, 28, 49, 102, 8, 154, 99, 32, 61, 64, 47, 59, 69, 43, 117, 75, 161, 95, 128, 11, 19, 138, 100, 53, 120, 167, 108, 113, 148, 33, 112, 121, 141, 159, 147, 13, 134, 84, 76, 70, 73, 81, 44, 156, 7, 16, 130, 9, 26, 34, 170, 10, 88, 92, 111, 150, 172, 144, 104, 68, 65, 12, 14, 149, 1, 41, 140, 72, 29, 24, 165, 0, 50, 97, 103, 122, 105, 25, 58, 30, 146, 54, 115, 67, 164, 143, 15, 107, 62, 127, 82, 89, 27, 145, 5, 125, 22, 158, 124, 48, 37, 157, 116, 6, 83, 38, 137, 79, 45, 98, 2, 90, 51, 110, 119, 131, 133, 136, 151, 152, 168, 171, 173]
Dataset                        CAL500
Number of labels (L)           174
Type                           ML-CV
Threshold                      0.5
Verbosity                      3


== Predictive Performance

Number of test instances (N)   
Accuracy                       0.198
Jaccard index                  0.198
Hamming score                  0.828
Exact match                    0    
Jaccard distance               0.802
Hamming loss                   0.172
ZeroOne loss                   1    
Harmonic score                 0.449
One error                      0.423
Rank loss                      0.375
Avg precision                  0.216
Log Loss (lim. L)              0.889
Log Loss (lim. D)              0.801
F1 (micro averaged)            0.327
F1 (macro averaged by example) 0.325
F1 (macro averaged by label)   0.112
AUPRC (macro averaged)         NaN
AUROC (macro averaged)         NaN
Curve Data                     
Macro Curve Data               
Micro Curve Data               
Label indices                  [     0     1     2     3     4     5     6     7     8     9    10    11    12    13    14    15    16    17    18    19    20    21    22    23    24    25    26    27    28    29    30    31    32    33    34    35    36    37    38    39    40    41    42    43    44    45    46    47    48    49    50    51    52    53    54    55    56    57    58    59    60    61    62    63    64    65    66    67    68    69    70    71    72    73    74    75    76    77    78    79    80    81    82    83    84    85    86    87    88    89    90    91    92    93    94    95    96    97    98    99   100   101   102   103   104   105   106   107   108   109   110   111   112   113   114   115   116   117   118   119   120   121   122   123   124   125   126   127   128   129   130   131   132   133   134   135   136   137   138   139   140   141   142   143   144   145   146   147   148   149   150   151   152   153   154   155   156   157   158   159   160   161   162   163   164   165   166   167   168   169   170   171   172   173 ]
Accuracy (per label)           [ 0.981 0.558 0.654 0.683 0.933 0.452 0.625 0.692 0.567 0.587 0.606 0.587 0.567 0.808 0.750 0.500 0.615 0.702 0.577 0.635 0.635 0.558 0.712 0.519 0.567 0.846 0.673 0.750 0.712 0.827 0.856 0.500 0.596 0.635 0.779 0.587 0.615 0.971 0.990 0.962 0.731 0.981 0.971 0.962 0.990 0.981 0.990 0.990 0.971 0.971 0.981 1.000 0.942 0.808 0.894 0.990 0.990 0.971 0.933 0.856 0.962 0.981 0.913 0.788 0.875 0.606 0.962 0.808 0.856 0.596 0.606 0.913 0.625 0.538 0.750 0.760 0.990 0.933 0.894 0.663 0.981 0.760 0.904 0.923 0.923 0.942 0.702 0.952 0.933 0.904 0.981 0.644 0.731 0.865 0.529 0.577 0.663 0.788 0.769 0.625 0.683 0.510 0.731 0.644 0.817 0.452 0.990 0.769 0.760 0.913 1.000 0.423 0.500 0.644 0.644 0.885 0.808 0.452 0.913 1.000 0.865 0.625 0.981 0.952 0.856 0.962 0.962 0.971 0.962 0.990 0.846 1.000 0.990 1.000 0.933 0.981 1.000 0.981 0.779 0.971 0.990 0.962 0.942 0.981 0.990 0.990 0.971 0.885 0.837 0.856 0.837 1.000 1.000 0.952 0.990 0.990 0.990 0.885 0.990 0.990 0.971 0.952 0.981 0.827 0.971 0.990 0.942 0.923 1.000 0.990 0.933 1.000 0.962 1.000 ]
Empty labelvectors (predicted) 0    
Label cardinality (predicted)  20.49
Levenshtein distance           0.134


== Additional Measurements (averaged across folds)

Number of training instances   104
Number of test instances       104
Label cardinality (train set)  24.087
Label cardinality (test set)   24.085
Build Time                     0.404
Test Time                      0.05 
Total Time                     0.455


Averaging: 0.3419874272608212