== Evaluation Info

Classifier                     Prepare_CC.Base_CC
Options                        [-S, 0, -W, weka.classifiers.trees.J48, --, -C, 0.25, -M, 2]
Additional Info                [102, 15, 106, 56, 157, 52, 153, 42, 74, 16, 32, 109, 129, 150, 88, 64, 97, 94, 167, 113, 159, 162, 161, 115, 82, 135, 72, 146, 28, 89, 12, 90, 44, 30, 38, 107, 137, 77, 33, 163, 39, 128, 140, 138, 80, 172, 139, 79, 91, 73, 68, 123, 166, 35, 54, 149, 127, 57, 23, 24, 48, 34, 171, 132, 156, 20, 100, 144, 108, 69, 21, 87, 45, 75, 105, 63, 121, 58, 147, 85, 83, 71, 36, 118, 8, 37, 130, 62, 114, 40, 70, 96, 99, 59, 93, 41, 117, 11, 125, 95, 53, 81, 120, 2, 155, 164, 169, 103, 7, 17, 49, 26, 25, 86, 104, 22, 126, 67, 124, 6, 101, 27, 165, 141, 160, 61, 5, 78, 3, 31, 170, 84, 13, 98, 92, 134, 1, 19, 29, 60, 43, 148, 18, 66, 9, 116, 111, 76, 4, 65, 112, 10, 0, 14, 46, 47, 50, 51, 55, 110, 119, 122, 131, 133, 136, 142, 143, 145, 151, 152, 154, 158, 168, 173]
Dataset                        CAL500
Number of labels (L)           174
Type                           ML-CV
Threshold                      0.5
Verbosity                      3


== Predictive Performance

Number of test instances (N)   
Accuracy                       0.244
Jaccard index                  0.244
Hamming score                  0.851
Exact match                    0    
Jaccard distance               0.756
Hamming loss                   0.149
ZeroOne loss                   1    
Harmonic score                 0.507
One error                      0.253
Rank loss                      0.34 
Avg precision                  0.25 
Log Loss (lim. L)              0.768
Log Loss (lim. D)              0.65 
F1 (micro averaged)            0.388
F1 (macro averaged by example) 0.384
F1 (macro averaged by label)   0.121
AUPRC (macro averaged)         NaN
AUROC (macro averaged)         NaN
Curve Data                     
Macro Curve Data               
Micro Curve Data               
Label indices                  [     0     1     2     3     4     5     6     7     8     9    10    11    12    13    14    15    16    17    18    19    20    21    22    23    24    25    26    27    28    29    30    31    32    33    34    35    36    37    38    39    40    41    42    43    44    45    46    47    48    49    50    51    52    53    54    55    56    57    58    59    60    61    62    63    64    65    66    67    68    69    70    71    72    73    74    75    76    77    78    79    80    81    82    83    84    85    86    87    88    89    90    91    92    93    94    95    96    97    98    99   100   101   102   103   104   105   106   107   108   109   110   111   112   113   114   115   116   117   118   119   120   121   122   123   124   125   126   127   128   129   130   131   132   133   134   135   136   137   138   139   140   141   142   143   144   145   146   147   148   149   150   151   152   153   154   155   156   157   158   159   160   161   162   163   164   165   166   167   168   169   170   171   172   173 ]
Accuracy (per label)           [ 1.000 0.747 0.861 0.608 0.924 0.557 0.633 0.873 0.646 0.734 0.646 0.620 0.544 0.759 1.000 0.532 0.633 0.722 0.608 0.949 0.785 0.734 0.709 0.620 0.468 0.949 0.797 0.785 0.797 0.785 0.772 0.633 0.506 0.823 0.684 0.646 0.734 0.949 0.987 0.975 0.835 0.987 0.924 0.886 0.987 0.975 1.000 1.000 0.962 0.987 1.000 1.000 0.899 0.823 0.886 1.000 0.987 0.962 0.886 0.835 0.937 0.987 0.848 0.861 0.835 0.734 0.924 0.734 0.899 0.595 0.709 0.937 0.595 0.671 0.911 0.709 0.962 0.962 0.937 0.532 0.962 0.696 0.899 0.962 0.924 0.937 0.785 0.975 0.962 0.937 0.911 0.608 0.671 0.962 0.595 0.848 0.595 0.861 0.658 0.759 0.633 0.646 0.797 0.684 0.873 0.456 0.975 0.797 0.709 0.861 1.000 0.595 0.506 0.620 0.747 0.835 0.975 0.557 0.962 1.000 0.911 0.671 1.000 0.975 0.696 0.962 0.975 0.949 0.949 0.987 0.911 1.000 0.987 1.000 0.924 0.937 1.000 0.987 0.823 0.962 0.987 0.962 1.000 1.000 0.987 1.000 0.937 0.962 0.886 0.911 0.911 1.000 1.000 0.911 1.000 0.987 0.987 0.861 1.000 0.987 0.962 0.962 0.987 0.975 0.975 0.987 0.975 0.949 1.000 0.975 0.937 0.987 0.987 1.000 ]
Empty labelvectors (predicted) 0    
Label cardinality (predicted)  19.215
Levenshtein distance           0.124


== Additional Measurements (averaged across folds)

Number of training instances   79
Number of test instances       79
Label cardinality (train set)  23.076
Label cardinality (test set)   23.075
Build Time                     0.267
Test Time                      0.037
Total Time                     0.305


Averaging: 0.3649330120970815