== Evaluation Info

Classifier                     Prepare_CC.Base_CC
Options                        [-S, 0, -W, weka.classifiers.trees.J48, --, -C, 0.25, -M, 2]
Additional Info                [133, 81, 163, 172, 147, 114, 102, 38, 72, 24, 128, 112, 43, 69, 37, 76, 9, 141, 16, 58, 138, 11, 169, 123, 13, 14, 15, 73, 74, 109, 120, 167, 33, 85, 89, 88, 165, 55, 159, 70, 160, 29, 118, 17, 92, 101, 79, 117, 8, 54, 2, 10, 32, 100, 61, 67, 42, 39, 57, 34, 107, 35, 1, 60, 93, 71, 30, 64, 96, 136, 25, 171, 122, 27, 126, 7, 98, 5, 162, 127, 97, 80, 66, 28, 150, 119, 145, 46, 106, 12, 45, 156, 18, 63, 78, 68, 168, 140, 115, 40, 103, 52, 20, 108, 41, 135, 132, 137, 49, 166, 94, 124, 47, 130, 153, 111, 134, 91, 104, 154, 148, 23, 113, 21, 99, 3, 86, 155, 65, 116, 53, 139, 48, 36, 161, 75, 6, 125, 129, 121, 152, 90, 164, 22, 110, 51, 26, 95, 170, 105, 56, 173, 44, 62, 19, 142, 144, 31, 149, 146, 50, 0, 83, 4, 59, 77, 82, 84, 87, 131, 143, 151, 157, 158]
Dataset                        CAL500
Number of labels (L)           174
Type                           ML-CV
Threshold                      0.5
Verbosity                      3


== Predictive Performance

Number of test instances (N)   
Accuracy                       0.238
Jaccard index                  0.238
Hamming score                  0.822
Exact match                    0    
Jaccard distance               0.762
Hamming loss                   0.178
ZeroOne loss                   1    
Harmonic score                 0.503
One error                      0.167
Rank loss                      0.364
Avg precision                  0.257
Log Loss (lim. L)              0.92 
Log Loss (lim. D)              0.803
F1 (micro averaged)            0.379
F1 (macro averaged by example) 0.377
F1 (macro averaged by label)   0.131
AUPRC (macro averaged)         NaN
AUROC (macro averaged)         NaN
Curve Data                     
Macro Curve Data               
Micro Curve Data               
Label indices                  [     0     1     2     3     4     5     6     7     8     9    10    11    12    13    14    15    16    17    18    19    20    21    22    23    24    25    26    27    28    29    30    31    32    33    34    35    36    37    38    39    40    41    42    43    44    45    46    47    48    49    50    51    52    53    54    55    56    57    58    59    60    61    62    63    64    65    66    67    68    69    70    71    72    73    74    75    76    77    78    79    80    81    82    83    84    85    86    87    88    89    90    91    92    93    94    95    96    97    98    99   100   101   102   103   104   105   106   107   108   109   110   111   112   113   114   115   116   117   118   119   120   121   122   123   124   125   126   127   128   129   130   131   132   133   134   135   136   137   138   139   140   141   142   143   144   145   146   147   148   149   150   151   152   153   154   155   156   157   158   159   160   161   162   163   164   165   166   167   168   169   170   171   172   173 ]
Accuracy (per label)           [ 0.989 0.778 0.678 0.578 1.000 0.589 0.489 0.900 0.700 0.767 0.711 0.656 0.589 0.878 0.767 0.556 0.500 0.778 0.556 0.778 0.767 0.678 0.578 0.789 0.533 0.944 0.478 0.811 0.556 0.744 0.800 0.433 0.522 0.844 0.489 0.844 0.722 0.989 0.944 0.978 0.822 0.978 0.933 0.900 0.967 0.978 0.956 0.944 0.922 0.967 0.944 0.956 0.811 0.722 0.844 0.978 0.989 0.744 0.711 1.000 0.867 0.989 0.844 0.700 0.867 0.789 0.978 0.811 0.956 0.589 0.611 0.978 0.622 0.644 0.944 0.600 0.967 1.000 0.922 0.578 0.944 0.478 1.000 0.878 1.000 0.900 0.822 1.000 0.989 0.922 0.956 0.567 0.900 0.933 0.444 0.844 0.522 0.722 0.489 0.656 0.544 0.500 0.933 0.500 0.889 0.456 0.978 0.567 0.789 0.700 0.978 0.622 0.522 0.711 0.733 0.922 0.867 0.533 0.800 0.878 0.856 0.556 0.989 0.989 0.667 0.922 0.967 0.878 0.767 0.956 0.900 1.000 0.978 0.956 0.978 0.989 0.900 0.978 0.456 0.978 0.989 0.856 0.911 1.000 0.989 0.989 0.978 0.733 0.789 0.867 0.911 1.000 0.978 0.822 0.978 0.944 0.978 1.000 1.000 0.989 0.922 0.967 0.911 0.967 0.989 0.944 0.956 0.967 0.956 0.978 0.889 0.844 0.967 0.967 ]
Empty labelvectors (predicted) 0    
Label cardinality (predicted)  23.222
Levenshtein distance           0.145


== Additional Measurements (averaged across folds)

Number of training instances   90
Number of test instances       90
Label cardinality (train set)  26.744
Label cardinality (test set)   26.744
Build Time                     0.342
Test Time                      0.047
Total Time                     0.389


Averaging: 0.35306977503112513