== Evaluation Info

Classifier                     Prepare_CC.Base_CC
Options                        [-S, 0, -W, weka.classifiers.trees.J48, --, -C, 0.25, -M, 2]
Additional Info                [53, 19, 23, 145, 85, 132, 94, 115, 107, 119, 73, 127, 166, 144, 105, 83, 150, 64, 62, 29, 123, 171, 99, 136, 101, 38, 167, 42, 72, 15, 156, 125, 20, 151, 17, 97, 13, 18, 134, 65, 9, 61, 27, 52, 4, 60, 32, 141, 67, 162, 0, 1, 10, 87, 138, 56, 31, 26, 98, 163, 122, 133, 44, 84, 63, 71, 82, 91, 121, 14, 113, 7, 92, 124, 116, 75, 159, 168, 40, 117, 86, 21, 6, 165, 81, 108, 103, 11, 54, 131, 30, 147, 140, 153, 5, 2, 41, 142, 96, 100, 36, 68, 25, 49, 157, 135, 3, 74, 50, 45, 126, 69, 35, 34, 130, 16, 70, 102, 24, 104, 146, 143, 129, 58, 95, 120, 110, 148, 149, 111, 12, 93, 172, 112, 170, 161, 22, 114, 59, 28, 109, 118, 79, 33, 8, 37, 39, 43, 46, 47, 48, 51, 55, 57, 66, 76, 77, 78, 80, 88, 89, 90, 106, 128, 137, 139, 152, 154, 155, 158, 160, 164, 169, 173]
Dataset                        CAL500
Number of labels (L)           174
Type                           ML-CV
Threshold                      0.5
Verbosity                      3


== Predictive Performance

Number of test instances (N)   
Accuracy                       0.235
Jaccard index                  0.235
Hamming score                  0.825
Exact match                    0    
Jaccard distance               0.765
Hamming loss                   0.175
ZeroOne loss                   1    
Harmonic score                 0.494
One error                      0.66 
Rank loss                      0.364
Avg precision                  0.254
Log Loss (lim. L)              0.905
Log Loss (lim. D)              0.697
F1 (micro averaged)            0.372
F1 (macro averaged by example) 0.371
F1 (macro averaged by label)   0.134
AUPRC (macro averaged)         NaN
AUROC (macro averaged)         NaN
Curve Data                     
Macro Curve Data               
Micro Curve Data               
Label indices                  [     0     1     2     3     4     5     6     7     8     9    10    11    12    13    14    15    16    17    18    19    20    21    22    23    24    25    26    27    28    29    30    31    32    33    34    35    36    37    38    39    40    41    42    43    44    45    46    47    48    49    50    51    52    53    54    55    56    57    58    59    60    61    62    63    64    65    66    67    68    69    70    71    72    73    74    75    76    77    78    79    80    81    82    83    84    85    86    87    88    89    90    91    92    93    94    95    96    97    98    99   100   101   102   103   104   105   106   107   108   109   110   111   112   113   114   115   116   117   118   119   120   121   122   123   124   125   126   127   128   129   130   131   132   133   134   135   136   137   138   139   140   141   142   143   144   145   146   147   148   149   150   151   152   153   154   155   156   157   158   159   160   161   162   163   164   165   166   167   168   169   170   171   172   173 ]
Accuracy (per label)           [ 0.736 0.340 0.528 0.849 0.962 0.358 0.774 0.566 0.736 0.679 0.623 0.566 0.774 0.623 0.585 0.736 0.604 0.774 0.774 0.528 0.679 0.660 0.962 0.585 0.623 0.679 0.736 0.547 0.642 0.849 0.962 0.566 0.849 0.509 0.962 0.472 0.830 1.000 0.962 1.000 0.792 0.981 0.981 1.000 0.981 0.736 1.000 1.000 1.000 0.906 0.981 1.000 0.981 0.887 0.962 1.000 0.962 1.000 0.962 0.547 0.962 0.736 0.981 0.698 0.981 0.830 1.000 0.887 0.755 0.679 0.792 0.566 0.547 0.792 0.981 0.868 1.000 1.000 1.000 0.491 1.000 0.774 0.509 0.906 0.528 0.962 0.566 0.981 1.000 1.000 1.000 0.509 0.849 0.868 0.660 0.585 0.830 0.491 0.811 0.472 0.962 0.717 0.811 0.528 0.774 0.547 1.000 0.792 0.660 0.943 0.981 0.698 0.642 0.660 0.679 0.962 0.604 0.547 0.472 0.981 0.925 0.642 0.811 0.755 0.774 0.943 0.868 0.981 1.000 0.981 0.868 0.962 0.981 0.906 0.736 0.925 0.962 1.000 0.943 1.000 0.981 0.887 0.962 0.981 0.736 0.943 0.925 0.830 0.906 0.962 0.906 0.981 1.000 0.981 1.000 1.000 0.981 0.623 1.000 0.755 1.000 0.906 0.981 0.943 1.000 0.981 0.962 0.962 0.962 1.000 0.887 0.962 0.962 1.000 ]
Empty labelvectors (predicted) 0    
Label cardinality (predicted)  22.679
Levenshtein distance           0.143


== Additional Measurements (averaged across folds)

Number of training instances   53
Number of test instances       53
Label cardinality (train set)  25.962
Label cardinality (test set)   25.927
Build Time                     0.142
Test Time                      0.027
Total Time                     0.169


Averaging: 0.3530985836671366