== Evaluation Info

Classifier                     Prepare_CC.Base_CC
Options                        [-S, 0, -W, weka.classifiers.trees.J48, --, -C, 0.25, -M, 2]
Additional Info                [21, 123, 77, 29, 127, 92, 60, 139, 50, 101, 69, 28, 111, 146, 104, 26, 27, 54, 8, 22, 20, 58, 105, 167, 98, 125, 165, 62, 65, 163, 71, 16, 153, 172, 149, 57, 141, 161, 91, 99, 3, 109, 78, 166, 36, 154, 53, 106, 19, 103, 120, 170, 157, 134, 113, 67, 34, 86, 39, 137, 112, 95, 10, 0, 33, 74, 72, 47, 164, 23, 148, 25, 76, 63, 96, 75, 130, 59, 35, 119, 14, 115, 45, 173, 17, 162, 66, 1, 85, 70, 151, 40, 87, 79, 168, 116, 135, 5, 89, 64, 31, 145, 32, 49, 12, 117, 81, 97, 138, 13, 88, 102, 2, 9, 128, 42, 158, 80, 15, 24, 131, 121, 73, 94, 142, 155, 107, 83, 150, 108, 93, 46, 18, 136, 48, 7, 6, 114, 4, 84, 118, 122, 147, 55, 11, 30, 37, 38, 41, 43, 44, 51, 52, 56, 61, 68, 82, 90, 100, 110, 124, 126, 129, 132, 133, 140, 143, 144, 152, 156, 159, 160, 169, 171]
Dataset                        CAL500
Number of labels (L)           174
Type                           ML-CV
Threshold                      0.5
Verbosity                      3


== Predictive Performance

Number of test instances (N)   
Accuracy                       0.293
Jaccard index                  0.293
Hamming score                  0.834
Exact match                    0    
Jaccard distance               0.707
Hamming loss                   0.166
ZeroOne loss                   1    
Harmonic score                 0.586
One error                      0.308
Rank loss                      0.317
Avg precision                  0.303
Log Loss (lim. L)              0.858
Log Loss (lim. D)              0.724
F1 (micro averaged)            0.455
F1 (macro averaged by example) 0.447
F1 (macro averaged by label)   0.139
AUPRC (macro averaged)         NaN
AUROC (macro averaged)         NaN
Curve Data                     
Macro Curve Data               
Micro Curve Data               
Label indices                  [     0     1     2     3     4     5     6     7     8     9    10    11    12    13    14    15    16    17    18    19    20    21    22    23    24    25    26    27    28    29    30    31    32    33    34    35    36    37    38    39    40    41    42    43    44    45    46    47    48    49    50    51    52    53    54    55    56    57    58    59    60    61    62    63    64    65    66    67    68    69    70    71    72    73    74    75    76    77    78    79    80    81    82    83    84    85    86    87    88    89    90    91    92    93    94    95    96    97    98    99   100   101   102   103   104   105   106   107   108   109   110   111   112   113   114   115   116   117   118   119   120   121   122   123   124   125   126   127   128   129   130   131   132   133   134   135   136   137   138   139   140   141   142   143   144   145   146   147   148   149   150   151   152   153   154   155   156   157   158   159   160   161   162   163   164   165   166   167   168   169   170   171   172   173 ]
Accuracy (per label)           [ 0.987 0.603 0.423 0.987 0.974 0.667 0.859 0.526 0.449 0.897 0.487 1.000 0.564 0.846 0.436 0.974 0.590 0.987 0.885 0.526 0.500 0.897 0.795 0.538 0.487 0.974 0.564 0.987 0.321 0.974 1.000 0.667 0.923 0.462 0.821 0.436 0.744 1.000 1.000 0.949 0.551 1.000 0.962 1.000 1.000 0.936 0.987 0.846 0.987 0.987 0.923 1.000 1.000 0.949 0.718 0.910 1.000 0.897 0.987 0.974 0.974 1.000 0.910 0.667 0.692 0.564 0.962 0.808 1.000 0.487 0.474 0.923 0.538 0.654 0.692 0.795 0.987 0.987 0.872 0.808 0.987 0.679 1.000 0.923 0.962 0.949 0.667 0.974 0.910 0.795 1.000 0.462 0.974 0.833 0.564 0.526 0.962 0.590 0.821 0.667 1.000 0.423 0.974 0.551 0.974 0.449 0.936 0.526 0.974 0.808 1.000 0.564 0.564 0.603 0.538 0.962 0.590 0.628 0.628 0.987 0.705 0.513 0.936 0.769 1.000 0.910 1.000 0.987 0.974 1.000 0.962 0.974 1.000 1.000 0.974 0.910 0.962 0.987 0.782 0.910 1.000 0.782 0.974 1.000 1.000 0.987 0.987 0.615 0.705 0.962 0.692 0.987 1.000 0.974 0.910 0.987 1.000 0.974 0.974 1.000 1.000 0.910 0.936 0.910 0.962 0.987 0.987 0.808 0.987 1.000 0.859 1.000 0.974 0.949 ]
Empty labelvectors (predicted) 0    
Label cardinality (predicted)  25.692
Levenshtein distance           0.142


== Additional Measurements (averaged across folds)

Number of training instances   78
Number of test instances       78
Label cardinality (train set)  27.333
Label cardinality (test set)   27.27
Build Time                     0.231
Test Time                      0.039
Total Time                     0.27 


Averaging: 0.37575846130226614