== Evaluation Info

Classifier                     Prepare_CC.Base_CC
Options                        [-S, 0, -W, weka.classifiers.trees.J48, --, -C, 0.25, -M, 2]
Additional Info                [7, 126, 23, 53, 1, 104, 24, 64, 86, 109, 63, 124, 127, 123, 26, 9, 37, 121, 170, 84, 150, 41, 108, 128, 105, 77, 75, 33, 133, 159, 138, 11, 28, 59, 73, 6, 46, 36, 114, 110, 20, 74, 112, 16, 96, 65, 19, 135, 61, 155, 151, 71, 10, 125, 161, 13, 42, 30, 119, 166, 148, 111, 147, 91, 5, 142, 22, 79, 87, 50, 167, 97, 120, 40, 157, 69, 57, 140, 122, 107, 101, 134, 21, 49, 136, 117, 15, 67, 116, 8, 99, 82, 143, 115, 70, 95, 94, 31, 92, 12, 4, 149, 2, 35, 113, 0, 51, 68, 17, 3, 27, 60, 98, 152, 72, 25, 130, 145, 103, 118, 158, 144, 14, 131, 93, 171, 163, 102, 29, 137, 18, 32, 34, 38, 39, 43, 44, 45, 47, 48, 52, 54, 55, 56, 58, 62, 66, 76, 78, 80, 81, 83, 85, 88, 89, 90, 100, 106, 129, 132, 139, 141, 146, 153, 154, 156, 160, 162, 164, 165, 168, 169, 172, 173]
Dataset                        CAL500
Number of labels (L)           174
Type                           ML-CV
Threshold                      0.5
Verbosity                      3


== Predictive Performance

Number of test instances (N)   
Accuracy                       0.32 
Jaccard index                  0.32 
Hamming score                  0.834
Exact match                    0    
Jaccard distance               0.68 
Hamming loss                   0.166
ZeroOne loss                   1    
Harmonic score                 0.617
One error                      0.672
Rank loss                      0.322
Avg precision                  0.329
Log Loss (lim. L)              0.858
Log Loss (lim. D)              0.675
F1 (micro averaged)            0.484
F1 (macro averaged by example) 0.478
F1 (macro averaged by label)   0.151
AUPRC (macro averaged)         NaN
AUROC (macro averaged)         NaN
Curve Data                     
Macro Curve Data               
Micro Curve Data               
Label indices                  [     0     1     2     3     4     5     6     7     8     9    10    11    12    13    14    15    16    17    18    19    20    21    22    23    24    25    26    27    28    29    30    31    32    33    34    35    36    37    38    39    40    41    42    43    44    45    46    47    48    49    50    51    52    53    54    55    56    57    58    59    60    61    62    63    64    65    66    67    68    69    70    71    72    73    74    75    76    77    78    79    80    81    82    83    84    85    86    87    88    89    90    91    92    93    94    95    96    97    98    99   100   101   102   103   104   105   106   107   108   109   110   111   112   113   114   115   116   117   118   119   120   121   122   123   124   125   126   127   128   129   130   131   132   133   134   135   136   137   138   139   140   141   142   143   144   145   146   147   148   149   150   151   152   153   154   155   156   157   158   159   160   161   162   163   164   165   166   167   168   169   170   171   172   173 ]
Accuracy (per label)           [ 0.397 0.638 0.466 0.931 0.845 0.448 0.983 0.534 0.983 0.448 0.966 0.638 0.603 0.586 0.586 0.879 0.931 0.534 1.000 0.672 0.931 0.672 0.983 0.707 0.983 0.448 0.983 0.552 0.552 0.948 0.862 0.655 1.000 0.707 1.000 0.776 0.466 0.983 1.000 1.000 0.638 0.931 0.983 1.000 1.000 1.000 0.931 1.000 1.000 0.621 0.879 0.983 1.000 0.983 1.000 1.000 1.000 0.914 1.000 0.724 0.983 0.862 1.000 0.931 0.966 0.552 1.000 0.948 0.828 0.879 0.569 0.724 0.552 0.655 0.552 0.845 1.000 0.966 1.000 0.621 1.000 1.000 0.793 1.000 0.707 1.000 0.552 0.983 1.000 1.000 1.000 0.724 0.517 0.931 0.569 0.414 0.897 0.569 0.983 0.603 1.000 0.586 0.707 0.707 0.603 0.466 1.000 0.845 0.621 0.948 0.983 0.603 0.776 0.603 0.759 0.724 0.828 0.414 0.776 0.948 0.759 0.500 0.810 0.879 0.983 0.931 0.983 0.983 0.983 1.000 0.966 0.983 1.000 0.448 0.828 0.983 0.948 0.983 0.741 1.000 0.845 1.000 0.845 0.931 0.879 0.793 1.000 0.672 0.983 0.741 0.776 0.810 0.914 1.000 1.000 0.983 1.000 0.810 0.983 0.879 1.000 0.983 1.000 0.603 1.000 1.000 0.845 0.862 1.000 1.000 0.828 0.983 1.000 1.000 ]
Empty labelvectors (predicted) 0    
Label cardinality (predicted)  27.569
Levenshtein distance           0.145


== Additional Measurements (averaged across folds)

Number of training instances   58
Number of test instances       58
Label cardinality (train set)  28.465
Label cardinality (test set)   28.457
Build Time                     0.145
Test Time                      0.03 
Total Time                     0.175


Averaging: 0.3846781099493664