== Evaluation Info

Classifier                     Prepare_CC.Base_CC
Options                        [-S, 0, -W, weka.classifiers.trees.J48, --, -C, 0.25, -M, 2]
Additional Info                [42, 17, 111, 70, 60, 90, 107, 65, 99, 151, 37, 20, 126, 93, 87, 5, 21, 59, 127, 0, 141, 156, 16, 81, 170, 73, 33, 157, 63, 94, 3, 103, 161, 69, 62, 92, 117, 61, 102, 152, 75, 2, 86, 15, 163, 53, 133, 72, 96, 28, 123, 35, 27, 12, 101, 52, 30, 58, 149, 125, 112, 84, 159, 121, 67, 136, 166, 115, 131, 64, 4, 169, 47, 110, 97, 142, 153, 19, 25, 147, 49, 13, 79, 29, 167, 9, 95, 36, 77, 57, 10, 150, 23, 146, 139, 116, 114, 45, 39, 120, 82, 7, 148, 144, 26, 40, 51, 91, 164, 50, 134, 98, 56, 106, 1, 118, 43, 105, 31, 8, 109, 24, 71, 66, 130, 108, 145, 113, 14, 11, 104, 46, 122, 138, 135, 140, 38, 18, 76, 74, 6, 22, 32, 34, 41, 44, 48, 54, 55, 68, 78, 80, 83, 85, 88, 89, 100, 119, 124, 128, 129, 132, 137, 143, 154, 155, 158, 160, 162, 165, 168, 171, 172, 173]
Dataset                        CAL500
Number of labels (L)           174
Type                           ML-CV
Threshold                      0.5
Verbosity                      3


== Predictive Performance

Number of test instances (N)   
Accuracy                       0.31 
Jaccard index                  0.31 
Hamming score                  0.843
Exact match                    0    
Jaccard distance               0.69 
Hamming loss                   0.157
ZeroOne loss                   1    
Harmonic score                 0.596
One error                      0.576
Rank loss                      0.314
Avg precision                  0.321
Log Loss (lim. L)              0.81 
Log Loss (lim. D)              0.658
F1 (micro averaged)            0.469
F1 (macro averaged by example) 0.466
F1 (macro averaged by label)   0.137
AUPRC (macro averaged)         NaN
AUROC (macro averaged)         NaN
Curve Data                     
Macro Curve Data               
Micro Curve Data               
Label indices                  [     0     1     2     3     4     5     6     7     8     9    10    11    12    13    14    15    16    17    18    19    20    21    22    23    24    25    26    27    28    29    30    31    32    33    34    35    36    37    38    39    40    41    42    43    44    45    46    47    48    49    50    51    52    53    54    55    56    57    58    59    60    61    62    63    64    65    66    67    68    69    70    71    72    73    74    75    76    77    78    79    80    81    82    83    84    85    86    87    88    89    90    91    92    93    94    95    96    97    98    99   100   101   102   103   104   105   106   107   108   109   110   111   112   113   114   115   116   117   118   119   120   121   122   123   124   125   126   127   128   129   130   131   132   133   134   135   136   137   138   139   140   141   142   143   144   145   146   147   148   149   150   151   152   153   154   155   156   157   158   159   160   161   162   163   164   165   166   167   168   169   170   171   172   173 ]
Accuracy (per label)           [ 0.652 0.606 0.530 0.955 0.955 0.485 1.000 0.561 0.742 0.500 0.758 0.500 0.727 0.712 0.530 0.894 0.652 0.591 0.985 0.606 0.864 0.500 1.000 0.682 0.955 0.667 0.833 0.591 0.470 0.970 0.909 0.500 1.000 0.848 1.000 0.636 0.576 0.985 0.985 0.985 0.561 1.000 0.985 0.985 1.000 0.985 0.985 0.970 1.000 0.727 0.864 0.955 0.985 0.924 1.000 1.000 0.985 0.985 0.970 0.864 0.970 0.848 0.985 0.864 0.985 0.576 0.909 0.985 1.000 0.636 0.530 0.924 0.667 0.545 0.682 0.818 0.939 0.985 1.000 0.712 1.000 0.939 0.970 1.000 0.955 1.000 0.758 0.970 1.000 1.000 0.985 0.621 0.697 0.773 0.561 0.470 0.924 0.394 0.985 0.682 1.000 0.636 0.803 0.652 0.652 0.576 0.909 0.788 0.667 0.758 0.970 0.652 0.803 0.606 0.803 0.939 0.864 0.561 0.864 1.000 0.939 0.576 0.879 0.818 1.000 0.894 0.924 0.985 1.000 1.000 0.985 0.970 1.000 0.652 0.848 0.970 0.985 1.000 0.939 0.939 0.879 0.955 0.788 1.000 0.848 0.924 0.985 0.652 0.818 0.773 0.667 0.879 0.909 0.955 1.000 1.000 0.970 0.939 1.000 0.848 1.000 0.985 1.000 0.818 0.924 1.000 0.909 0.727 1.000 0.985 0.864 1.000 1.000 1.000 ]
Empty labelvectors (predicted) 0    
Label cardinality (predicted)  24.561
Levenshtein distance           0.137


== Additional Measurements (averaged across folds)

Number of training instances   66
Number of test instances       66
Label cardinality (train set)  26.894
Label cardinality (test set)   26.91
Build Time                     0.181
Test Time                      0.033
Total Time                     0.214


Averaging: 0.3844499178505703