== Evaluation Info

Classifier                     Prepare_CC.Base_CC
Options                        [-S, 0, -W, weka.classifiers.trees.J48, --, -C, 0.25, -M, 2]
Additional Info                [121, 95, 102, 80, 128, 35, 22, 21, 148, 153, 60, 27, 155, 167, 100, 44, 10, 13, 115, 7, 39, 42, 162, 78, 165, 8, 9, 69, 90, 166, 29, 40, 156, 163, 38, 19, 57, 164, 145, 137, 138, 26, 112, 157, 134, 140, 85, 63, 65, 31, 74, 33, 94, 11, 160, 1, 49, 52, 101, 99, 36, 83, 123, 25, 73, 114, 16, 6, 147, 68, 62, 2, 132, 111, 116, 170, 53, 109, 144, 4, 150, 106, 58, 89, 126, 96, 122, 125, 64, 79, 143, 172, 81, 43, 84, 3, 5, 37, 120, 17, 139, 130, 97, 129, 93, 28, 117, 118, 98, 159, 23, 87, 61, 124, 66, 34, 59, 169, 20, 141, 15, 88, 71, 70, 18, 91, 76, 127, 77, 30, 32, 48, 82, 113, 47, 41, 135, 92, 46, 56, 54, 146, 149, 103, 72, 86, 12, 75, 0, 107, 24, 104, 154, 142, 67, 161, 50, 108, 158, 14, 105, 45, 51, 55, 110, 119, 131, 133, 136, 151, 152, 168, 171, 173]
Dataset                        CAL500
Number of labels (L)           174
Type                           ML-CV
Threshold                      0.5
Verbosity                      3


== Predictive Performance

Number of test instances (N)   
Accuracy                       0.198
Jaccard index                  0.198
Hamming score                  0.823
Exact match                    0    
Jaccard distance               0.802
Hamming loss                   0.177
ZeroOne loss                   1    
Harmonic score                 0.453
One error                      0.461
Rank loss                      0.366
Avg precision                  0.217
Log Loss (lim. L)              0.912
Log Loss (lim. D)              0.793
F1 (micro averaged)            0.323
F1 (macro averaged by example) 0.324
F1 (macro averaged by label)   0.11 
AUPRC (macro averaged)         NaN
AUROC (macro averaged)         NaN
Curve Data                     
Macro Curve Data               
Micro Curve Data               
Label indices                  [     0     1     2     3     4     5     6     7     8     9    10    11    12    13    14    15    16    17    18    19    20    21    22    23    24    25    26    27    28    29    30    31    32    33    34    35    36    37    38    39    40    41    42    43    44    45    46    47    48    49    50    51    52    53    54    55    56    57    58    59    60    61    62    63    64    65    66    67    68    69    70    71    72    73    74    75    76    77    78    79    80    81    82    83    84    85    86    87    88    89    90    91    92    93    94    95    96    97    98    99   100   101   102   103   104   105   106   107   108   109   110   111   112   113   114   115   116   117   118   119   120   121   122   123   124   125   126   127   128   129   130   131   132   133   134   135   136   137   138   139   140   141   142   143   144   145   146   147   148   149   150   151   152   153   154   155   156   157   158   159   160   161   162   163   164   165   166   167   168   169   170   171   172   173 ]
Accuracy (per label)           [ 0.978 0.562 0.629 0.697 0.921 0.472 0.652 0.708 0.506 0.562 0.551 0.652 0.607 0.775 0.865 0.629 0.584 0.719 0.663 0.697 0.652 0.528 0.596 0.618 0.404 0.843 0.528 0.697 0.798 0.787 0.787 0.506 0.629 0.629 0.697 0.663 0.528 0.966 0.989 0.854 0.719 0.978 0.966 0.955 0.989 1.000 0.989 0.989 0.955 0.989 0.978 1.000 0.955 0.820 0.865 1.000 0.989 0.966 0.921 0.910 0.944 0.978 0.899 0.708 0.831 0.629 0.944 0.753 0.865 0.506 0.506 0.933 0.607 0.528 0.674 0.697 0.989 0.944 0.809 0.539 0.955 0.730 0.921 0.921 0.955 0.910 0.843 0.955 0.910 0.865 0.989 0.629 0.708 0.921 0.472 0.764 0.685 0.764 0.742 0.607 0.753 0.629 0.663 0.506 0.775 0.506 0.989 0.820 0.663 0.888 1.000 0.539 0.562 0.719 0.573 0.854 0.955 0.461 0.944 1.000 0.921 0.551 0.989 0.978 0.775 0.955 0.978 0.955 0.955 0.989 0.876 1.000 0.989 1.000 0.910 0.978 1.000 0.978 0.775 0.955 0.989 0.944 0.966 0.978 0.989 0.989 0.966 0.910 0.820 0.787 0.854 1.000 1.000 0.910 0.989 0.989 0.989 0.921 0.989 0.989 0.966 0.944 0.978 0.876 0.955 0.989 0.966 0.854 1.000 0.989 0.921 1.000 0.955 1.000 ]
Empty labelvectors (predicted) 0    
Label cardinality (predicted)  21.371
Levenshtein distance           0.136


== Additional Measurements (averaged across folds)

Number of training instances   89
Number of test instances       89
Label cardinality (train set)  24.056
Label cardinality (test set)   24.046
Build Time                     0.312
Test Time                      0.044
Total Time                     0.356


Averaging: 0.34049956656640346