== Evaluation Info

Classifier                     Prepare_CC.Base_CC
Options                        [-S, 0, -W, weka.classifiers.trees.J48, --, -C, 0.25, -M, 2]
Additional Info                [84, 47, 170, 108, 158, 126, 13, 19, 58, 74, 131, 117, 23, 57, 173, 20, 98, 104, 144, 50, 26, 119, 10, 121, 151, 30, 5, 3, 2, 80, 56, 106, 60, 45, 115, 110, 149, 79, 21, 4, 54, 22, 153, 114, 55, 161, 135, 93, 15, 6, 27, 139, 70, 28, 81, 169, 111, 165, 97, 148, 18, 16, 102, 103, 38, 113, 82, 92, 8, 53, 134, 39, 164, 91, 128, 146, 150, 25, 127, 109, 49, 11, 75, 166, 118, 69, 65, 112, 138, 107, 122, 167, 72, 64, 159, 152, 62, 163, 105, 46, 141, 77, 86, 63, 66, 125, 162, 24, 140, 12, 147, 36, 33, 157, 61, 14, 1, 142, 32, 9, 17, 31, 0, 95, 59, 136, 94, 89, 7, 133, 130, 71, 73, 29, 145, 96, 67, 35, 51, 99, 123, 101, 124, 87, 120, 40, 116, 76, 90, 156, 34, 37, 41, 42, 43, 44, 48, 52, 68, 78, 83, 85, 88, 100, 129, 132, 137, 143, 154, 155, 160, 168, 171, 172]
Dataset                        CAL500
Number of labels (L)           174
Type                           ML-CV
Threshold                      0.5
Verbosity                      3


== Predictive Performance

Number of test instances (N)   
Accuracy                       0.293
Jaccard index                  0.293
Hamming score                  0.841
Exact match                    0    
Jaccard distance               0.707
Hamming loss                   0.159
ZeroOne loss                   1    
Harmonic score                 0.574
One error                      0.505
Rank loss                      0.321
Avg precision                  0.303
Log Loss (lim. L)              0.819
Log Loss (lim. D)              0.739
F1 (micro averaged)            0.451
F1 (macro averaged by example) 0.445
F1 (macro averaged by label)   0.146
AUPRC (macro averaged)         NaN
AUROC (macro averaged)         NaN
Curve Data                     
Macro Curve Data               
Micro Curve Data               
Label indices                  [     0     1     2     3     4     5     6     7     8     9    10    11    12    13    14    15    16    17    18    19    20    21    22    23    24    25    26    27    28    29    30    31    32    33    34    35    36    37    38    39    40    41    42    43    44    45    46    47    48    49    50    51    52    53    54    55    56    57    58    59    60    61    62    63    64    65    66    67    68    69    70    71    72    73    74    75    76    77    78    79    80    81    82    83    84    85    86    87    88    89    90    91    92    93    94    95    96    97    98    99   100   101   102   103   104   105   106   107   108   109   110   111   112   113   114   115   116   117   118   119   120   121   122   123   124   125   126   127   128   129   130   131   132   133   134   135   136   137   138   139   140   141   142   143   144   145   146   147   148   149   150   151   152   153   154   155   156   157   158   159   160   161   162   163   164   165   166   167   168   169   170   171   172   173 ]
Accuracy (per label)           [ 0.876 0.533 0.505 0.952 0.962 0.486 0.962 0.495 0.667 0.705 0.629 0.714 0.676 0.781 0.505 0.876 0.571 0.790 0.952 0.543 0.733 0.571 0.971 0.543 0.819 0.810 0.600 0.629 0.581 0.962 0.943 0.571 0.971 0.610 1.000 0.543 0.619 1.000 0.990 0.971 0.552 1.000 1.000 1.000 1.000 0.971 0.981 0.962 1.000 0.867 0.800 0.971 1.000 0.914 0.981 0.990 0.990 0.971 0.933 0.886 0.962 0.981 0.981 0.829 0.962 0.486 0.952 0.924 1.000 0.514 0.486 0.924 0.581 0.514 0.571 0.800 0.990 0.981 1.000 0.781 0.990 0.905 0.981 1.000 0.943 1.000 0.657 0.981 1.000 0.971 0.990 0.533 0.867 0.914 0.590 0.543 0.943 0.571 0.914 0.629 1.000 0.619 0.819 0.629 0.752 0.486 0.943 0.762 0.771 0.810 0.971 0.505 0.819 0.581 0.638 0.886 0.714 0.486 0.819 0.962 0.857 0.505 0.895 0.857 0.990 0.829 0.924 0.990 0.990 1.000 0.990 0.924 1.000 0.867 0.924 0.914 0.981 1.000 0.867 0.990 0.962 0.952 0.933 1.000 0.981 0.962 0.981 0.629 0.838 0.752 0.714 0.971 0.962 0.952 1.000 1.000 0.952 0.952 0.971 0.981 1.000 0.933 0.990 0.810 0.962 0.990 0.886 0.771 1.000 0.990 0.810 1.000 1.000 0.990 ]
Empty labelvectors (predicted) 0    
Label cardinality (predicted)  23.762
Levenshtein distance           0.133


== Additional Measurements (averaged across folds)

Number of training instances   105
Number of test instances       105
Label cardinality (train set)  26.561
Label cardinality (test set)   26.501
Build Time                     0.409
Test Time                      0.056
Total Time                     0.466


Averaging: 0.37798090869904694