== Evaluation Info

Classifier                     Prepare_CC.Base_CC
Options                        [-S, 0, -W, weka.classifiers.trees.J48, --, -C, 0.25, -M, 2]
Additional Info                [86, 123, 53, 118, 129, 172, 3, 69, 155, 12, 98, 127, 106, 25, 68, 154, 51, 138, 164, 105, 18, 42, 13, 44, 56, 64, 19, 8, 21, 149, 166, 101, 54, 81, 152, 45, 170, 99, 34, 104, 32, 40, 28, 14, 15, 80, 134, 74, 11, 9, 58, 161, 20, 72, 36, 85, 43, 163, 79, 16, 37, 95, 110, 119, 67, 17, 75, 97, 70, 63, 115, 2, 41, 160, 140, 171, 71, 1, 50, 5, 62, 87, 23, 167, 114, 136, 113, 57, 107, 89, 137, 133, 47, 93, 66, 158, 22, 117, 77, 10, 30, 96, 147, 102, 148, 100, 109, 111, 162, 59, 24, 83, 26, 76, 112, 90, 116, 135, 142, 169, 108, 125, 94, 29, 60, 46, 92, 141, 52, 91, 150, 78, 126, 153, 168, 27, 156, 65, 120, 73, 0, 103, 146, 121, 139, 128, 31, 124, 39, 33, 7, 6, 130, 173, 35, 132, 165, 4, 38, 48, 49, 55, 61, 82, 84, 88, 122, 131, 143, 144, 145, 151, 157, 159]
Dataset                        CAL500
Number of labels (L)           174
Type                           ML-CV
Threshold                      0.5
Verbosity                      3


== Predictive Performance

Number of test instances (N)   
Accuracy                       0.276
Jaccard index                  0.276
Hamming score                  0.842
Exact match                    0    
Jaccard distance               0.724
Hamming loss                   0.158
ZeroOne loss                   1    
Harmonic score                 0.551
One error                      0.12 
Rank loss                      0.328
Avg precision                  0.288
Log Loss (lim. L)              0.816
Log Loss (lim. D)              0.729
F1 (micro averaged)            0.427
F1 (macro averaged by example) 0.425
F1 (macro averaged by label)   0.129
AUPRC (macro averaged)         NaN
AUROC (macro averaged)         NaN
Curve Data                     
Macro Curve Data               
Micro Curve Data               
Label indices                  [     0     1     2     3     4     5     6     7     8     9    10    11    12    13    14    15    16    17    18    19    20    21    22    23    24    25    26    27    28    29    30    31    32    33    34    35    36    37    38    39    40    41    42    43    44    45    46    47    48    49    50    51    52    53    54    55    56    57    58    59    60    61    62    63    64    65    66    67    68    69    70    71    72    73    74    75    76    77    78    79    80    81    82    83    84    85    86    87    88    89    90    91    92    93    94    95    96    97    98    99   100   101   102   103   104   105   106   107   108   109   110   111   112   113   114   115   116   117   118   119   120   121   122   123   124   125   126   127   128   129   130   131   132   133   134   135   136   137   138   139   140   141   142   143   144   145   146   147   148   149   150   151   152   153   154   155   156   157   158   159   160   161   162   163   164   165   166   167   168   169   170   171   172   173 ]
Accuracy (per label)           [ 0.990 0.860 0.920 0.520 1.000 0.540 0.570 0.930 0.800 0.640 0.950 0.460 0.470 0.910 0.970 0.560 0.780 0.530 0.550 0.860 0.850 0.460 0.630 0.730 0.530 0.990 0.680 0.720 0.670 0.630 0.720 0.600 0.450 0.870 0.510 0.800 0.780 0.960 1.000 0.980 0.780 0.980 0.910 0.960 0.950 0.970 0.980 0.990 1.000 1.000 0.970 0.950 0.760 0.810 0.910 1.000 0.990 0.840 0.770 0.990 0.790 1.000 0.890 0.780 0.860 0.800 0.960 0.760 0.990 0.570 0.570 0.990 0.590 0.590 0.960 0.640 0.960 0.990 0.970 0.570 0.990 0.610 1.000 0.950 1.000 0.840 0.900 0.960 1.000 0.990 0.950 0.520 0.770 0.990 0.520 0.980 0.550 0.870 0.440 0.760 0.460 0.500 0.830 0.620 0.760 0.610 0.980 0.650 0.710 0.850 0.990 0.760 0.550 0.860 0.840 0.870 0.930 0.590 0.930 0.940 0.950 0.730 1.000 0.990 0.800 0.950 0.960 0.890 0.860 0.930 0.890 1.000 0.970 0.990 0.990 0.970 0.960 0.980 0.540 0.950 0.990 0.940 0.900 1.000 1.000 1.000 0.990 0.900 0.760 0.830 0.890 1.000 0.970 0.840 0.990 0.940 0.890 1.000 0.980 1.000 0.980 0.920 0.920 0.990 0.970 0.980 0.980 0.980 0.970 0.980 0.880 0.910 0.980 0.990 ]
Empty labelvectors (predicted) 0    
Label cardinality (predicted)  22.24
Levenshtein distance           0.131


== Additional Measurements (averaged across folds)

Number of training instances   100
Number of test instances       100
Label cardinality (train set)  25.79
Label cardinality (test set)   25.79
Build Time                     0.386
Test Time                      0.049
Total Time                     0.434


Averaging: 0.37259015028399894