== Evaluation Info

Classifier                     Prepare_CC.Base_CC
Options                        [-S, 0, -W, weka.classifiers.trees.J48, --, -C, 0.25, -M, 2]
Additional Info                [26, 68, 143, 146, 72, 163, 121, 50, 94, 47, 64, 119, 93, 130, 89, 164, 56, 106, 39, 90, 165, 73, 118, 10, 7, 14, 84, 126, 85, 169, 112, 44, 13, 74, 0, 105, 70, 80, 152, 20, 150, 159, 37, 129, 4, 144, 142, 21, 36, 40, 34, 136, 22, 157, 45, 54, 33, 122, 61, 31, 147, 66, 141, 17, 160, 135, 83, 46, 52, 86, 12, 69, 62, 155, 138, 134, 2, 137, 97, 131, 167, 108, 51, 139, 92, 60, 96, 18, 25, 107, 168, 55, 166, 110, 104, 27, 149, 57, 140, 114, 48, 102, 103, 91, 81, 148, 15, 117, 154, 151, 133, 115, 88, 125, 99, 67, 11, 120, 58, 162, 9, 87, 113, 28, 53, 76, 29, 8, 38, 19, 82, 98, 111, 65, 116, 145, 153, 71, 23, 30, 41, 63, 5, 43, 3, 123, 42, 1, 32, 100, 75, 35, 101, 6, 132, 78, 59, 16, 77, 161, 124, 79, 158, 156, 128, 24, 109, 95, 49, 127]
Dataset                        CAL500
Number of labels (L)           170
Type                           ML-CV
Threshold                      0.5
Verbosity                      3


== Predictive Performance

Number of test instances (N)   
Accuracy                       0.219
Jaccard index                  0.219
Hamming score                  0.826
Exact match                    0    
Jaccard distance               0.781
Hamming loss                   0.174
ZeroOne loss                   1    
Harmonic score                 0.471
One error                      0.413
Rank loss                      0.376
Avg precision                  0.241
Log Loss (lim. L)              0.891
Log Loss (lim. D)              0.869
F1 (micro averaged)            0.355
F1 (macro averaged by example) 0.351
F1 (macro averaged by label)   0.127
AUPRC (macro averaged)         0.15 
AUROC (macro averaged)         0.5  
Curve Data                     
Macro Curve Data               
Micro Curve Data               
Label indices                  [     0     1     2     3     4     5     6     7     8     9    10    11    12    13    14    15    16    17    18    19    20    21    22    23    24    25    26    27    28    29    30    31    32    33    34    35    36    37    38    39    40    41    42    43    44    45    46    47    48    49    50    51    52    53    54    55    56    57    58    59    60    61    62    63    64    65    66    67    68    69    70    71    72    73    74    75    76    77    78    79    80    81    82    83    84    85    86    87    88    89    90    91    92    93    94    95    96    97    98    99   100   101   102   103   104   105   106   107   108   109   110   111   112   113   114   115   116   117   118   119   120   121   122   123   124   125   126   127   128   129   130   131   132   133   134   135   136   137   138   139   140   141   142   143   144   145   146   147   148   149   150   151   152   153   154   155   156   157   158   159   160   161   162   163   164   165   166   167   168   169 ]
Accuracy (per label)           [ 0.973 0.560 0.540 0.833 0.960 0.600 0.700 0.627 0.633 0.660 0.633 0.580 0.500 0.807 0.647 0.733 0.587 0.740 0.753 0.660 0.653 0.553 0.780 0.460 0.547 0.927 0.573 0.747 0.620 0.860 0.873 0.493 0.773 0.573 0.793 0.547 0.753 0.987 0.993 0.933 0.593 0.987 0.980 0.953 0.993 0.960 0.993 0.980 0.967 0.987 0.967 0.993 0.973 0.840 0.887 0.987 0.993 0.967 0.947 0.867 0.973 0.993 0.893 0.780 0.827 0.500 0.967 0.840 0.887 0.527 0.453 0.927 0.580 0.580 0.747 0.800 0.980 0.967 0.933 0.707 0.980 0.780 0.880 0.947 0.933 0.940 0.713 0.973 0.960 0.900 0.993 0.540 0.833 0.913 0.587 0.593 0.747 0.707 0.833 0.520 0.833 0.607 0.860 0.473 0.947 0.480 0.953 0.713 0.820 0.907 0.520 0.640 0.707 0.573 0.933 0.747 0.407 0.853 0.993 0.780 0.560 0.960 0.913 0.873 0.907 0.973 0.967 0.967 0.993 0.940 0.947 0.993 0.980 0.913 0.960 0.987 0.993 0.753 0.973 0.987 0.933 0.947 0.993 0.993 0.987 0.980 0.740 0.747 0.927 0.740 0.993 0.927 0.993 0.993 0.993 0.907 0.993 0.993 0.987 0.947 0.940 0.807 0.973 0.987 0.947 0.867 0.987 0.913 0.980 0.987 ]
Empty labelvectors (predicted) 0    
Label cardinality (predicted)  20.827
Levenshtein distance           0.141


== Additional Measurements (averaged across folds)

Number of training instances   150
Number of test instances       150
Label cardinality (train set)  24.913
Label cardinality (test set)   24.913
Build Time                     0.823
Test Time                      0.083
Total Time                     0.906


Averaging: 0.3485189790927367