== Evaluation Info

Classifier                     Prepare_CC.Base_CC
Options                        [-S, 0, -W, weka.classifiers.trees.J48, --, -C, 0.25, -M, 2]
Additional Info                [127, 39, 130, 137, 108, 116, 59, 128, 121, 33, 34, 96, 31, 66, 42, 170, 95, 85, 86, 120, 115, 15, 141, 80, 49, 140, 75, 65, 67, 165, 126, 89, 58, 60, 83, 68, 94, 35, 50, 73, 19, 159, 36, 99, 2, 113, 100, 8, 69, 147, 1, 172, 102, 53, 93, 48, 87, 114, 105, 21, 11, 46, 24, 109, 82, 144, 97, 104, 10, 88, 26, 70, 169, 13, 139, 72, 12, 98, 78, 157, 4, 44, 131, 153, 16, 163, 27, 142, 22, 117, 160, 166, 133, 158, 92, 3, 23, 118, 32, 79, 14, 17, 61, 91, 7, 124, 43, 162, 9, 152, 132, 167, 5, 164, 122, 106, 135, 143, 81, 6, 138, 148, 90, 0, 156, 129, 146, 123, 103, 112, 125, 54, 38, 63, 71, 145, 41, 154, 84, 111, 40, 134, 28, 47, 29, 20, 149, 155, 52, 37, 77, 119, 151, 64, 107, 62, 57, 161, 150, 56, 30, 101, 74, 25, 18, 45, 51, 55, 76, 110, 136, 168, 171, 173]
Dataset                        CAL500
Number of labels (L)           174
Type                           ML-CV
Threshold                      0.5
Verbosity                      3


== Predictive Performance

Number of test instances (N)   
Accuracy                       0.219
Jaccard index                  0.219
Hamming score                  0.828
Exact match                    0    
Jaccard distance               0.781
Hamming loss                   0.172
ZeroOne loss                   1    
Harmonic score                 0.475
One error                      0.533
Rank loss                      0.358
Avg precision                  0.236
Log Loss (lim. L)              0.886
Log Loss (lim. D)              0.8  
F1 (micro averaged)            0.351
F1 (macro averaged by example) 0.35 
F1 (macro averaged by label)   0.129
AUPRC (macro averaged)         NaN
AUROC (macro averaged)         NaN
Curve Data                     
Macro Curve Data               
Micro Curve Data               
Label indices                  [     0     1     2     3     4     5     6     7     8     9    10    11    12    13    14    15    16    17    18    19    20    21    22    23    24    25    26    27    28    29    30    31    32    33    34    35    36    37    38    39    40    41    42    43    44    45    46    47    48    49    50    51    52    53    54    55    56    57    58    59    60    61    62    63    64    65    66    67    68    69    70    71    72    73    74    75    76    77    78    79    80    81    82    83    84    85    86    87    88    89    90    91    92    93    94    95    96    97    98    99   100   101   102   103   104   105   106   107   108   109   110   111   112   113   114   115   116   117   118   119   120   121   122   123   124   125   126   127   128   129   130   131   132   133   134   135   136   137   138   139   140   141   142   143   144   145   146   147   148   149   150   151   152   153   154   155   156   157   158   159   160   161   162   163   164   165   166   167   168   169   170   171   172   173 ]
Accuracy (per label)           [ 0.819 0.457 0.733 0.724 0.914 0.590 0.667 0.543 0.695 0.457 0.752 0.476 0.495 0.800 0.829 0.581 0.781 0.571 0.686 0.571 0.790 0.486 0.733 0.495 0.657 0.695 0.762 0.552 0.667 0.771 0.829 0.533 0.743 0.590 0.838 0.514 0.581 0.962 0.990 0.952 0.743 0.981 0.971 0.971 0.990 1.000 0.990 0.990 0.990 0.838 0.971 1.000 0.962 0.781 0.952 1.000 0.990 0.971 0.924 0.819 0.952 0.971 0.962 0.829 0.943 0.486 0.962 0.790 0.876 0.600 0.486 0.867 0.505 0.571 0.667 0.771 1.000 0.971 0.952 0.695 0.981 0.733 0.895 0.962 0.886 0.933 0.781 0.943 0.981 0.971 0.990 0.686 0.724 0.914 0.514 0.676 0.695 0.610 0.781 0.552 0.752 0.724 0.733 0.686 0.771 0.505 0.990 0.819 0.714 0.914 1.000 0.476 0.619 0.733 0.686 0.810 0.886 0.543 0.914 0.981 0.819 0.676 0.895 0.971 0.838 0.962 0.981 0.933 0.962 0.990 0.924 0.990 0.990 0.848 0.895 0.933 1.000 0.943 0.781 0.981 0.943 0.971 0.952 0.981 0.981 0.981 0.971 0.800 0.867 0.848 0.914 0.971 0.990 0.943 0.990 0.990 0.990 0.848 0.990 0.981 0.990 0.962 0.990 0.733 0.971 0.990 0.952 0.933 1.000 0.990 0.933 1.000 0.990 1.000 ]
Empty labelvectors (predicted) 0    
Label cardinality (predicted)  21.533
Levenshtein distance           0.136


== Additional Measurements (averaged across folds)

Number of training instances   105
Number of test instances       105
Label cardinality (train set)  24.553
Label cardinality (test set)   24.585
Build Time                     0.409
Test Time                      0.055
Total Time                     0.464


Averaging: 0.3489802046036883