== Evaluation Info

Classifier                     Prepare_CC.Base_CC
Options                        [-S, 0, -W, weka.classifiers.trees.J48, --, -C, 0.25, -M, 2]
Additional Info                [97, 103, 36, 120, 117, 98, 136, 145, 45, 118, 69, 17, 139, 82, 1, 14, 167, 5, 96, 30, 26, 65, 66, 63, 81, 35, 73, 62, 170, 12, 91, 24, 125, 29, 161, 151, 168, 53, 101, 109, 25, 16, 130, 95, 156, 159, 140, 121, 60, 47, 9, 8, 116, 138, 70, 131, 102, 113, 58, 84, 157, 153, 115, 110, 27, 11, 67, 61, 169, 99, 163, 77, 50, 92, 49, 93, 15, 135, 87, 152, 141, 57, 19, 149, 108, 134, 107, 124, 126, 7, 4, 133, 75, 142, 148, 33, 147, 112, 28, 79, 166, 83, 72, 46, 86, 64, 150, 10, 39, 122, 21, 40, 146, 2, 74, 144, 90, 20, 123, 13, 114, 71, 0, 38, 56, 31, 51, 3, 105, 127, 111, 104, 59, 106, 52, 94, 68, 78, 23, 6, 18, 22, 32, 34, 37, 41, 42, 43, 44, 48, 54, 55, 76, 80, 85, 88, 89, 100, 119, 128, 129, 132, 137, 143, 154, 155, 158, 160, 162, 164, 165, 171, 172, 173]
Dataset                        CAL500
Number of labels (L)           174
Type                           ML-CV
Threshold                      0.5
Verbosity                      3


== Predictive Performance

Number of test instances (N)   
Accuracy                       0.302
Jaccard index                  0.302
Hamming score                  0.843
Exact match                    0    
Jaccard distance               0.698
Hamming loss                   0.157
ZeroOne loss                   1    
Harmonic score                 0.591
One error                      0.62 
Rank loss                      0.32 
Avg precision                  0.308
Log Loss (lim. L)              0.809
Log Loss (lim. D)              0.669
F1 (micro averaged)            0.46 
F1 (macro averaged by example) 0.457
F1 (macro averaged by label)   0.132
AUPRC (macro averaged)         NaN
AUROC (macro averaged)         NaN
Curve Data                     
Macro Curve Data               
Micro Curve Data               
Label indices                  [     0     1     2     3     4     5     6     7     8     9    10    11    12    13    14    15    16    17    18    19    20    21    22    23    24    25    26    27    28    29    30    31    32    33    34    35    36    37    38    39    40    41    42    43    44    45    46    47    48    49    50    51    52    53    54    55    56    57    58    59    60    61    62    63    64    65    66    67    68    69    70    71    72    73    74    75    76    77    78    79    80    81    82    83    84    85    86    87    88    89    90    91    92    93    94    95    96    97    98    99   100   101   102   103   104   105   106   107   108   109   110   111   112   113   114   115   116   117   118   119   120   121   122   123   124   125   126   127   128   129   130   131   132   133   134   135   136   137   138   139   140   141   142   143   144   145   146   147   148   149   150   151   152   153   154   155   156   157   158   159   160   161   162   163   164   165   166   167   168   169   170   171   172   173 ]
Accuracy (per label)           [ 0.690 0.620 0.493 0.930 0.958 0.549 1.000 0.437 0.845 0.535 0.789 0.535 0.761 0.746 0.535 0.901 0.704 0.577 1.000 0.479 0.930 0.507 1.000 0.592 0.901 0.634 0.887 0.535 0.507 0.930 0.915 0.620 1.000 0.803 1.000 0.606 0.479 1.000 0.986 0.972 0.535 1.000 1.000 1.000 1.000 0.887 0.986 0.958 1.000 0.746 0.817 0.958 0.986 0.930 1.000 1.000 0.986 0.986 0.958 0.873 0.986 0.958 0.986 0.775 0.986 0.535 0.986 0.986 0.930 0.535 0.423 0.972 0.732 0.563 0.479 0.817 1.000 0.986 0.986 0.775 1.000 0.930 0.972 0.986 0.901 1.000 0.690 0.986 1.000 1.000 0.986 0.648 0.704 0.831 0.549 0.690 0.901 0.479 0.986 0.592 1.000 0.676 0.676 0.704 0.620 0.592 0.958 0.859 0.606 0.789 0.972 0.620 0.972 0.563 0.732 0.859 0.930 0.493 0.817 1.000 0.930 0.549 0.972 0.803 0.958 0.817 0.901 0.958 1.000 1.000 0.986 0.972 1.000 0.732 0.831 0.958 0.958 1.000 0.944 0.958 0.944 0.887 0.873 1.000 0.958 0.958 0.986 0.704 0.859 0.620 0.634 0.958 0.915 0.944 1.000 1.000 0.958 0.944 1.000 0.958 1.000 0.944 1.000 0.845 1.000 1.000 0.930 0.676 0.986 0.986 0.859 1.000 1.000 1.000 ]
Empty labelvectors (predicted) 0    
Label cardinality (predicted)  24.169
Levenshtein distance           0.136


== Additional Measurements (averaged across folds)

Number of training instances   71
Number of test instances       71
Label cardinality (train set)  26.338
Label cardinality (test set)   26.313
Build Time                     0.206
Test Time                      0.036
Total Time                     0.242


Averaging: 0.38167720787755294