== Evaluation Info

Classifier                     Prepare_CC.Base_CC
Options                        [-S, 0, -W, weka.classifiers.trees.J48, --, -C, 0.25, -M, 2]
Additional Info                [99, 103, 35, 82, 116, 58, 40, 98, 168, 138, 57, 16, 29, 111, 80, 156, 125, 160, 65, 170, 90, 67, 87, 110, 154, 93, 52, 147, 17, 85, 172, 26, 60, 113, 71, 13, 69, 19, 11, 153, 161, 78, 7, 24, 12, 96, 33, 14, 37, 53, 105, 64, 44, 81, 75, 72, 114, 51, 39, 32, 127, 47, 9, 73, 150, 135, 1, 167, 122, 134, 104, 166, 117, 92, 20, 121, 120, 76, 62, 107, 10, 38, 70, 31, 97, 129, 50, 148, 74, 106, 91, 30, 27, 18, 5, 128, 95, 146, 132, 162, 109, 48, 142, 119, 101, 108, 36, 54, 66, 171, 79, 112, 43, 42, 2, 23, 6, 46, 149, 124, 21, 118, 136, 86, 94, 130, 22, 3, 28, 63, 100, 173, 126, 102, 15, 115, 83, 8, 89, 141, 164, 137, 34, 0, 4, 25, 41, 45, 49, 55, 56, 59, 61, 68, 77, 84, 88, 123, 131, 133, 139, 140, 143, 144, 145, 151, 152, 155, 157, 158, 159, 163, 165, 169]
Dataset                        CAL500
Number of labels (L)           174
Type                           ML-CV
Threshold                      0.5
Verbosity                      3


== Predictive Performance

Number of test instances (N)   
Accuracy                       0.256
Jaccard index                  0.256
Hamming score                  0.826
Exact match                    0    
Jaccard distance               0.744
Hamming loss                   0.174
ZeroOne loss                   1    
Harmonic score                 0.551
One error                      0.073
Rank loss                      0.342
Avg precision                  0.263
Log Loss (lim. L)              0.899
Log Loss (lim. D)              0.698
F1 (micro averaged)            0.402
F1 (macro averaged by example) 0.402
F1 (macro averaged by label)   0.14 
AUPRC (macro averaged)         NaN
AUROC (macro averaged)         NaN
Curve Data                     
Macro Curve Data               
Micro Curve Data               
Label indices                  [     0     1     2     3     4     5     6     7     8     9    10    11    12    13    14    15    16    17    18    19    20    21    22    23    24    25    26    27    28    29    30    31    32    33    34    35    36    37    38    39    40    41    42    43    44    45    46    47    48    49    50    51    52    53    54    55    56    57    58    59    60    61    62    63    64    65    66    67    68    69    70    71    72    73    74    75    76    77    78    79    80    81    82    83    84    85    86    87    88    89    90    91    92    93    94    95    96    97    98    99   100   101   102   103   104   105   106   107   108   109   110   111   112   113   114   115   116   117   118   119   120   121   122   123   124   125   126   127   128   129   130   131   132   133   134   135   136   137   138   139   140   141   142   143   144   145   146   147   148   149   150   151   152   153   154   155   156   157   158   159   160   161   162   163   164   165   166   167   168   169   170   171   172   173 ]
Accuracy (per label)           [ 1.000 0.873 0.745 0.491 1.000 0.473 0.545 0.891 0.564 0.709 0.673 0.691 0.491 0.782 0.891 0.673 0.509 0.764 0.491 0.836 0.727 0.618 0.600 0.545 0.618 1.000 0.600 0.800 0.764 0.636 0.873 0.491 0.527 0.764 0.600 0.600 0.727 0.982 0.927 0.982 0.709 1.000 0.927 0.745 0.982 1.000 0.873 0.982 0.982 1.000 0.982 0.982 0.909 0.800 0.873 1.000 1.000 0.891 0.636 1.000 0.818 1.000 0.636 0.909 0.764 0.691 0.909 0.727 1.000 0.691 0.745 0.982 0.473 0.673 0.909 0.673 0.782 1.000 0.982 0.618 0.945 0.655 0.982 0.836 1.000 0.964 0.855 0.873 1.000 0.927 0.964 0.582 0.727 0.964 0.600 0.855 0.582 0.891 0.491 0.709 0.509 0.455 0.855 0.436 0.836 0.636 0.982 0.582 0.745 0.691 0.927 0.636 0.509 0.709 0.709 0.909 0.873 0.400 0.982 0.945 0.873 0.727 0.982 1.000 0.545 0.982 0.982 0.818 0.909 0.982 0.818 1.000 0.982 1.000 0.982 0.982 0.982 0.982 0.582 1.000 1.000 0.945 0.945 1.000 1.000 1.000 0.945 0.927 0.818 0.873 0.836 1.000 1.000 0.855 0.982 1.000 0.909 1.000 1.000 1.000 0.836 0.982 0.855 1.000 0.945 1.000 0.982 0.927 0.891 1.000 0.891 0.800 0.982 0.982 ]
Empty labelvectors (predicted) 0    
Label cardinality (predicted)  25.236
Levenshtein distance           0.143


== Additional Measurements (averaged across folds)

Number of training instances   55
Number of test instances       55
Label cardinality (train set)  25.492
Label cardinality (test set)   25.547
Build Time                     0.141
Test Time                      0.025
Total Time                     0.166


Averaging: 0.3605278285824846