== Evaluation Info

Classifier                     Prepare_CC.Base_CC
Options                        [-S, 0, -W, weka.classifiers.trees.J48, --, -C, 0.25, -M, 2]
Additional Info                [14, 22, 39, 16, 70, 11, 47, 33, 73, 8, 140, 143, 154, 35, 105, 164, 63, 13, 21, 129, 69, 51, 20, 72, 4, 170, 40, 25, 137, 93, 87, 15, 71, 68, 156, 121, 104, 81, 12, 125, 29, 132, 172, 85, 65, 64, 90, 62, 114, 78, 163, 148, 26, 100, 141, 97, 138, 157, 162, 57, 37, 127, 80, 91, 123, 32, 44, 165, 94, 3, 124, 45, 82, 115, 28, 131, 19, 58, 166, 171, 109, 84, 98, 142, 1, 0, 34, 59, 153, 86, 56, 113, 130, 41, 6, 10, 120, 128, 23, 173, 17, 112, 36, 92, 27, 134, 5, 83, 74, 54, 77, 167, 155, 161, 101, 95, 43, 24, 106, 147, 149, 150, 66, 126, 99, 9, 18, 111, 7, 52, 79, 30, 108, 2, 53, 31, 67, 107, 103, 42, 169, 75, 119, 60, 102, 158, 117, 118, 139, 96, 160, 135, 168, 38, 46, 48, 49, 50, 55, 61, 76, 88, 89, 110, 116, 122, 133, 136, 144, 145, 146, 151, 152, 159]
Dataset                        CAL500
Number of labels (L)           174
Type                           ML-CV
Threshold                      0.5
Verbosity                      3


== Predictive Performance

Number of test instances (N)   
Accuracy                       0.246
Jaccard index                  0.246
Hamming score                  0.828
Exact match                    0    
Jaccard distance               0.754
Hamming loss                   0.172
ZeroOne loss                   1    
Harmonic score                 0.529
One error                      0.153
Rank loss                      0.343
Avg precision                  0.258
Log Loss (lim. L)              0.889
Log Loss (lim. D)              0.737
F1 (micro averaged)            0.389
F1 (macro averaged by example) 0.389
F1 (macro averaged by label)   0.119
AUPRC (macro averaged)         NaN
AUROC (macro averaged)         NaN
Curve Data                     
Macro Curve Data               
Micro Curve Data               
Label indices                  [     0     1     2     3     4     5     6     7     8     9    10    11    12    13    14    15    16    17    18    19    20    21    22    23    24    25    26    27    28    29    30    31    32    33    34    35    36    37    38    39    40    41    42    43    44    45    46    47    48    49    50    51    52    53    54    55    56    57    58    59    60    61    62    63    64    65    66    67    68    69    70    71    72    73    74    75    76    77    78    79    80    81    82    83    84    85    86    87    88    89    90    91    92    93    94    95    96    97    98    99   100   101   102   103   104   105   106   107   108   109   110   111   112   113   114   115   116   117   118   119   120   121   122   123   124   125   126   127   128   129   130   131   132   133   134   135   136   137   138   139   140   141   142   143   144   145   146   147   148   149   150   151   152   153   154   155   156   157   158   159   160   161   162   163   164   165   166   167   168   169   170   171   172   173 ]
Accuracy (per label)           [ 0.986 0.819 0.944 0.514 0.972 0.597 0.500 0.986 0.861 0.597 0.944 0.403 0.514 0.903 0.986 0.528 0.806 0.514 0.569 0.903 0.972 0.556 0.597 0.736 0.542 0.986 0.764 0.639 0.708 0.569 0.611 0.750 0.472 0.944 0.514 0.750 0.625 0.944 1.000 0.986 0.750 0.986 0.847 0.944 0.972 0.958 1.000 0.986 1.000 1.000 1.000 0.944 0.764 0.750 0.917 1.000 0.986 0.847 0.903 0.917 0.806 1.000 0.819 0.569 0.833 0.806 0.972 0.667 0.972 0.472 0.528 0.889 0.389 0.611 0.986 0.681 1.000 0.986 0.944 0.611 0.986 0.542 0.972 0.972 0.972 0.764 0.861 0.986 1.000 1.000 0.931 0.639 0.750 0.986 0.486 0.986 0.514 0.931 0.417 0.903 0.431 0.639 0.694 0.722 0.639 0.458 0.944 0.722 0.444 0.764 1.000 0.764 0.542 0.750 0.778 0.903 1.000 0.486 0.986 0.917 0.972 0.653 1.000 0.986 0.667 0.931 0.944 0.917 0.889 0.889 0.931 0.986 0.972 1.000 0.958 0.931 1.000 0.972 0.333 0.958 0.958 0.903 0.819 0.986 1.000 1.000 1.000 0.833 0.722 0.736 0.931 1.000 1.000 0.861 0.986 0.931 0.958 0.958 0.889 1.000 0.986 0.722 0.889 0.986 0.972 0.958 0.986 0.972 0.986 0.972 0.750 0.792 0.986 0.986 ]
Empty labelvectors (predicted) 0    
Label cardinality (predicted)  23.556
Levenshtein distance           0.142


== Additional Measurements (averaged across folds)

Number of training instances   72
Number of test instances       72
Label cardinality (train set)  25.541
Label cardinality (test set)   25.477
Build Time                     0.223
Test Time                      0.039
Total Time                     0.262


Averaging: 0.3580143486888651