== Evaluation Info

Classifier                     Prepare_CC.Base_CC
Options                        [-S, 0, -W, weka.classifiers.trees.J48, --, -C, 0.25, -M, 2]
Additional Info                [122, 131, 163, 112, 139, 20, 117, 136, 146, 78, 142, 39, 46, 50, 149, 130, 31, 95, 8, 49, 114, 4, 80, 119, 173, 166, 148, 35, 120, 151, 72, 167, 17, 164, 106, 155, 62, 55, 48, 85, 5, 28, 105, 25, 32, 53, 101, 99, 21, 88, 9, 150, 57, 63, 11, 123, 36, 104, 135, 84, 73, 92, 40, 7, 154, 69, 34, 118, 66, 2, 147, 76, 109, 111, 103, 71, 42, 14, 115, 16, 170, 134, 116, 47, 138, 158, 60, 74, 18, 6, 24, 29, 81, 1, 137, 96, 157, 41, 161, 83, 94, 64, 162, 23, 165, 54, 108, 13, 97, 77, 22, 153, 75, 91, 70, 113, 19, 93, 102, 125, 67, 107, 79, 86, 15, 65, 26, 58, 3, 59, 141, 12, 33, 121, 98, 89, 145, 45, 172, 128, 10, 0, 27, 30, 37, 38, 43, 44, 51, 52, 56, 61, 68, 82, 87, 90, 100, 110, 124, 126, 127, 129, 132, 133, 140, 143, 144, 152, 156, 159, 160, 168, 169, 171]
Dataset                        CAL500
Number of labels (L)           174
Type                           ML-CV
Threshold                      0.5
Verbosity                      3


== Predictive Performance

Number of test instances (N)   
Accuracy                       0.302
Jaccard index                  0.302
Hamming score                  0.842
Exact match                    0    
Jaccard distance               0.698
Hamming loss                   0.158
ZeroOne loss                   1    
Harmonic score                 0.583
One error                      0.319
Rank loss                      0.319
Avg precision                  0.314
Log Loss (lim. L)              0.813
Log Loss (lim. D)              0.668
F1 (micro averaged)            0.462
F1 (macro averaged by example) 0.455
F1 (macro averaged by label)   0.137
AUPRC (macro averaged)         NaN
AUROC (macro averaged)         NaN
Curve Data                     
Macro Curve Data               
Micro Curve Data               
Label indices                  [     0     1     2     3     4     5     6     7     8     9    10    11    12    13    14    15    16    17    18    19    20    21    22    23    24    25    26    27    28    29    30    31    32    33    34    35    36    37    38    39    40    41    42    43    44    45    46    47    48    49    50    51    52    53    54    55    56    57    58    59    60    61    62    63    64    65    66    67    68    69    70    71    72    73    74    75    76    77    78    79    80    81    82    83    84    85    86    87    88    89    90    91    92    93    94    95    96    97    98    99   100   101   102   103   104   105   106   107   108   109   110   111   112   113   114   115   116   117   118   119   120   121   122   123   124   125   126   127   128   129   130   131   132   133   134   135   136   137   138   139   140   141   142   143   144   145   146   147   148   149   150   151   152   153   154   155   156   157   158   159   160   161   162   163   164   165   166   167   168   169   170   171   172   173 ]
Accuracy (per label)           [ 1.000 0.565 0.536 0.986 0.986 0.580 0.768 0.580 0.493 0.913 0.623 0.986 0.594 0.870 0.580 0.957 0.580 0.986 0.783 0.623 0.464 0.884 0.812 0.464 0.493 0.971 0.551 1.000 0.536 0.971 1.000 0.768 0.899 0.464 0.855 0.435 0.884 1.000 1.000 0.957 0.522 0.986 0.986 1.000 1.000 0.957 0.986 0.942 0.971 0.986 0.942 1.000 1.000 0.957 0.826 0.957 1.000 0.913 0.986 0.928 0.957 1.000 0.913 0.623 0.797 0.638 0.957 0.754 1.000 0.464 0.522 0.884 0.638 0.551 0.870 0.754 0.957 0.986 0.841 0.710 0.986 0.855 1.000 0.870 0.971 0.913 0.652 1.000 0.841 0.797 1.000 0.551 0.986 0.826 0.681 0.536 0.971 0.652 0.797 0.565 1.000 0.435 0.986 0.696 0.986 0.406 0.971 0.594 0.986 0.826 1.000 0.478 0.609 0.594 0.536 0.971 0.551 0.580 0.565 0.986 0.884 0.551 0.884 0.884 1.000 0.841 1.000 1.000 0.971 1.000 0.957 0.899 1.000 1.000 0.971 0.884 0.957 0.986 0.826 0.884 1.000 0.855 0.971 1.000 1.000 0.986 0.986 0.768 0.710 0.971 0.623 0.986 1.000 0.971 0.942 0.942 1.000 0.928 0.957 1.000 1.000 0.826 0.942 0.971 0.957 0.986 0.986 0.870 1.000 1.000 0.870 1.000 0.971 0.971 ]
Empty labelvectors (predicted) 0    
Label cardinality (predicted)  24.014
Levenshtein distance           0.136


== Additional Measurements (averaged across folds)

Number of training instances   69
Number of test instances       69
Label cardinality (train set)  27.014
Label cardinality (test set)   26.971
Build Time                     0.201
Test Time                      0.036
Total Time                     0.237


Averaging: 0.3814565802033186