== Evaluation Info

Classifier                     Prepare_CC.Base_CC
Options                        [-S, 0, -W, weka.classifiers.trees.J48, --, -C, 0.25, -M, 2]
Additional Info                [19, 83, 137, 68, 3, 160, 28, 65, 82, 33, 120, 80, 116, 1, 146, 117, 79, 66, 158, 119, 139, 149, 143, 30, 109, 58, 112, 5, 159, 56, 25, 85, 106, 44, 60, 18, 84, 40, 71, 130, 133, 129, 147, 78, 151, 45, 16, 22, 92, 34, 47, 122, 29, 17, 118, 23, 7, 95, 138, 4, 157, 98, 141, 91, 20, 140, 113, 111, 70, 81, 39, 15, 154, 142, 10, 50, 152, 125, 41, 110, 27, 97, 134, 148, 64, 53, 14, 102, 21, 156, 108, 8, 9, 13, 114, 86, 42, 90, 105, 128, 145, 121, 132, 103, 26, 0, 62, 76, 61, 100, 69, 52, 89, 87, 36, 153, 49, 37, 77, 123, 6, 54, 131, 73, 104, 94, 101, 124, 67, 12, 48, 57, 107, 99, 11, 63, 135, 155, 31, 144, 115, 51, 96, 43, 93, 2, 32, 72, 136, 24, 126, 75, 74, 38, 55, 127, 59, 46, 150, 88, 35]
Dataset                        CAL500
Number of labels (L)           161
Type                           ML-CV
Threshold                      0.5
Verbosity                      3


== Predictive Performance

Number of test instances (N)   
Accuracy                       0.227
Jaccard index                  0.227
Hamming score                  0.828
Exact match                    0    
Jaccard distance               0.773
Hamming loss                   0.172
ZeroOne loss                   1    
Harmonic score                 0.475
One error                      0.464
Rank loss                      0.368
Avg precision                  0.25 
Log Loss (lim. L)              0.873
Log Loss (lim. D)              0.761
F1 (micro averaged)            0.361
F1 (macro averaged by example) 0.361
F1 (macro averaged by label)   0.135
AUPRC (macro averaged)         0.158
AUROC (macro averaged)         0.508
Curve Data                     
Macro Curve Data               
Micro Curve Data               
Label indices                  [     0     1     2     3     4     5     6     7     8     9    10    11    12    13    14    15    16    17    18    19    20    21    22    23    24    25    26    27    28    29    30    31    32    33    34    35    36    37    38    39    40    41    42    43    44    45    46    47    48    49    50    51    52    53    54    55    56    57    58    59    60    61    62    63    64    65    66    67    68    69    70    71    72    73    74    75    76    77    78    79    80    81    82    83    84    85    86    87    88    89    90    91    92    93    94    95    96    97    98    99   100   101   102   103   104   105   106   107   108   109   110   111   112   113   114   115   116   117   118   119   120   121   122   123   124   125   126   127   128   129   130   131   132   133   134   135   136   137   138   139   140   141   142   143   144   145   146   147   148   149   150   151   152   153   154   155   156   157   158   159   160 ]
Accuracy (per label)           [ 0.976 0.560 0.798 0.679 0.905 0.560 0.560 0.726 0.643 0.536 0.714 0.536 0.607 0.750 0.929 0.560 0.679 0.560 0.560 0.679 0.810 0.512 0.714 0.571 0.631 0.774 0.738 0.726 0.690 0.762 0.786 0.607 0.786 0.679 0.821 0.714 0.619 0.964 0.988 0.976 0.655 0.964 0.964 0.964 0.988 0.988 0.988 0.988 0.976 0.976 0.952 0.833 0.929 0.988 0.964 0.929 0.798 0.964 0.964 0.952 0.750 0.917 0.643 0.964 0.774 0.845 0.714 0.607 0.893 0.560 0.631 0.810 0.762 0.964 0.940 0.631 0.976 0.762 0.881 0.952 0.869 0.952 0.738 0.893 0.976 0.952 0.988 0.774 0.690 0.940 0.476 0.702 0.595 0.762 0.762 0.655 0.643 0.762 0.726 0.619 0.845 0.488 0.988 0.881 0.643 0.940 0.536 0.631 0.595 0.762 0.905 0.964 0.560 0.917 0.988 0.881 0.583 0.964 0.976 0.774 0.940 0.976 0.940 0.976 0.988 0.929 0.988 0.905 0.964 0.976 0.786 0.976 0.988 0.976 0.988 0.976 0.988 0.988 0.976 0.940 0.869 0.905 0.857 0.905 0.988 0.988 0.988 0.821 0.988 0.988 0.988 0.940 0.988 0.833 0.976 0.988 0.940 0.929 0.988 0.929 0.988 ]
Empty labelvectors (predicted) 0    
Label cardinality (predicted)  19.214
Levenshtein distance           0.138


== Additional Measurements (averaged across folds)

Number of training instances   84
Number of test instances       84
Label cardinality (train set)  24.072
Label cardinality (test set)   24.089
Build Time                     0.367
Test Time                      0.052
Total Time                     0.419


Averaging: 0.35160404699338477