== Evaluation Info

Classifier                     Prepare_CC.Base_CC
Options                        [-S, 0, -W, weka.classifiers.trees.J48, --, -C, 0.25, -M, 2]
Additional Info                [125, 44, 101, 56, 124, 30, 13, 82, 80, 139, 20, 146, 87, 39, 14, 147, 108, 142, 120, 135, 69, 151, 140, 47, 27, 137, 103, 11, 134, 126, 2, 99, 51, 93, 148, 48, 0, 119, 152, 3, 58, 115, 68, 17, 4, 26, 43, 144, 19, 25, 133, 94, 72, 109, 88, 83, 116, 98, 113, 36, 73, 31, 34, 38, 65, 107, 89, 10, 5, 90, 28, 96, 118, 9, 62, 50, 122, 66, 97, 23, 33, 64, 95, 24, 128, 67, 55, 150, 1, 111, 12, 112, 35, 59, 127, 60, 53, 129, 7, 76, 117, 79, 21, 32, 70, 81, 136, 92, 121, 6, 138, 49, 22, 123, 110, 132, 131, 105, 18, 37, 91, 74, 15, 100, 104, 57, 78, 16, 75, 114, 41, 29, 42, 106, 141, 52, 71, 77, 143, 45, 84, 130, 86, 8, 46, 149, 145, 54, 85, 40, 61, 63, 102]
Dataset                        CAL500
Number of labels (L)           153
Type                           ML-CV
Threshold                      0.5
Verbosity                      3


== Predictive Performance

Number of test instances (N)   
Accuracy                       0.276
Jaccard index                  0.276
Hamming score                  0.818
Exact match                    0    
Jaccard distance               0.724
Hamming loss                   0.182
ZeroOne loss                   1    
Harmonic score                 0.556
One error                      0.407
Rank loss                      0.351
Avg precision                  0.299
Log Loss (lim. L)              0.916
Log Loss (lim. D)              0.822
F1 (micro averaged)            0.43 
F1 (macro averaged by example) 0.427
F1 (macro averaged by label)   0.138
AUPRC (macro averaged)         0.17 
AUROC (macro averaged)         0.493
Curve Data                     
Macro Curve Data               
Micro Curve Data               
Label indices                  [     0     1     2     3     4     5     6     7     8     9    10    11    12    13    14    15    16    17    18    19    20    21    22    23    24    25    26    27    28    29    30    31    32    33    34    35    36    37    38    39    40    41    42    43    44    45    46    47    48    49    50    51    52    53    54    55    56    57    58    59    60    61    62    63    64    65    66    67    68    69    70    71    72    73    74    75    76    77    78    79    80    81    82    83    84    85    86    87    88    89    90    91    92    93    94    95    96    97    98    99   100   101   102   103   104   105   106   107   108   109   110   111   112   113   114   115   116   117   118   119   120   121   122   123   124   125   126   127   128   129   130   131   132   133   134   135   136   137   138   139   140   141   142   143   144   145   146   147   148   149   150   151   152 ]
Accuracy (per label)           [ 0.978 0.527 0.527 0.978 0.967 0.637 0.857 0.571 0.451 0.890 0.527 0.934 0.582 0.747 0.462 0.923 0.527 0.967 0.912 0.703 0.407 0.813 0.846 0.418 0.538 0.934 0.484 0.945 0.505 0.945 0.978 0.648 0.901 0.385 0.879 0.516 0.780 0.989 0.934 0.549 0.989 0.989 0.923 0.989 0.890 0.978 0.989 0.956 0.989 0.956 0.846 0.912 0.934 0.967 0.890 0.967 0.901 0.769 0.824 0.560 0.967 0.912 0.978 0.505 0.538 0.956 0.593 0.571 0.769 0.780 0.978 0.978 0.868 0.769 0.989 0.791 0.912 0.901 0.978 0.758 0.945 0.890 0.725 0.451 0.956 0.835 0.648 0.505 0.967 0.615 0.879 0.604 0.516 0.956 0.560 0.978 0.462 0.967 0.659 0.945 0.835 0.582 0.626 0.615 0.505 0.923 0.505 0.538 0.747 0.989 0.780 0.505 0.901 0.835 0.989 0.890 0.989 0.989 0.978 0.978 0.945 0.978 0.923 0.978 0.978 0.989 0.791 0.967 0.835 0.978 0.989 0.978 0.747 0.747 0.956 0.659 0.989 0.978 0.978 0.956 0.956 0.978 0.945 0.978 0.857 0.967 0.989 0.901 0.879 0.989 0.890 0.945 0.967 ]
Empty labelvectors (predicted) 0    
Label cardinality (predicted)  22.89
Levenshtein distance           0.154


== Additional Measurements (averaged across folds)

Number of training instances   91
Number of test instances       91
Label cardinality (train set)  25.967
Label cardinality (test set)   25.972
Build Time                     0.371
Test Time                      0.041
Total Time                     0.412


Averaging: 0.364588817609883